10.0,5.0,7.0,0.0,19,196.0,123.47087
10.0,5.0,7.0,1.0,19,199.0,131.98523
10.0,5.0,7.0,2.0,19,202.0,96.06908
10.0,5.0,7.0,3.0,19,206.0,25.093742
10.0,5.0,7.0,4.0,19,209.0,25.093742
10.0,5.0,7.0,5.0,19,213.0,75.11693
10.0,5.0,7.0,6.0,19,216.0,165.3627
10.0,5.0,7.0,7.0,19,219.0,220.5252
10.0,5.0,7.0,8.0,19,223.0,190.4111
10.0,5.0,7.0,9.0,19,226.0,138.0246
10.0,5.0,7.0,10.0,19,230.0,110.0957
10.0,5.0,7.0,11.0,19,233.0,145.67834
10.0,5.0,7.0,12.0,19,237.0,121.59116
10.0,5.0,7.0,13.0,19,240.0,97.29873
10.0,5.0,7.0,14.0,19,243.0,190.49371
10.0,5.0,7.0,15.0,19,247.0,173.61755
10.0,5.0,7.0,16.0,19,250.0,170.05222
10.0,5.0,7.0,17.0,19,254.0,181.23947
10.0,5.0,7.0,18.0,19,257.0,169.07709
10.0,5.0,7.0,19.0,19,261.0,135.08957
10.0,5.0,7.0,20.0,19,264.0,135.12222
10.0,5.0,7.0,21.0,19,267.0,178.85175
10.0,5.0,7.0,22.0,19,271.0,168.84216
10.0,5.0,7.0,23.0,19,274.0,173.00696
10.0,5.0,7.0,24.0,19,277.0,220.15213
10.0,5.0,7.0,25.0,19,281.0,227.36261
10.0,5.0,7.0,26.0,19,284.0,341.14777
10.0,5.0,7.0,27.0,19,287.0,286.95306
10.0,5.0,7.0,28.0,19,291.0,307.5126
10.0,5.0,7.0,29.0,19,294.0,297.68774
10.0,5.0,7.0,30.0,19,298.0,308.89716
10.0,5.0,7.0,31.0,19,301.0,175.58023
10.0,5.0,7.0,32.0,19,305.0,187.93167
10.0,5.0,7.0,33.0,19,308.0,133.48209
10.0,5.0,7.0,34.0,19,312.0,75.623024
10.0,5.0,7.0,35.0,19,315.0,38.71284
10.0,5.0,7.0,36.0,19,319.0,25.093742
10.0,5.0,7.0,37.0,19,322.0,25.093742
10.0,5.0,7.0,38.0,19,325.0,25.093742
10.0,5.0,7.0,39.0,19,329.0,25.093742
10.0,5.0,7.0,40.0,19,332.0,25.093742
10.0,5.0,7.0,41.0,19,336.0,25.093742
10.0,5.0,7.0,42.0,19,339.0,25.093742
10.0,5.0,7.0,43.0,19,342.0,25.093742
10.0,5.0,7.0,44.0,19,345.0,25.093742
10.0,5.0,7.0,45.0,19,349.0,41.571945
10.0,5.0,7.0,46.0,19,352.0,25.093742
10.0,5.0,7.0,47.0,19,355.0,92.31943
10.0,5.0,7.0,48.0,19,359.0,152.16458
10.0,5.0,7.0,49.0,19,362.0,170.32654
10.0,5.0,7.0,50.0,19,365.0,139.81183
10.0,5.0,7.0,51.0,19,368.0,131.0385
10.0,5.0,7.0,52.0,19,371.0,83.46576
10.0,5.0,7.0,53.0,19,374.0,139.275
10.0,5.0,7.0,54.0,19,378.0,115.11269
10.0,5.0,7.0,55.0,19,381.0,74.77806
10.0,5.0,7.0,56.0,19,384.0,79.340065
10.0,5.0,7.0,57.0,19,388.0,125.17032
10.0,5.0,7.0,58.0,19,391.0,121.47491
10.0,5.0,7.0,59.0,19,395.0,137.51233
10.0,5.0,8.0,0.0,19,398.0,131.24948
10.0,5.0,8.0,1.0,19,402.0,84.82497
10.0,5.0,8.0,2.0,19,405.0,66.29802
10.0,5.0,8.0,3.0,19,408.0,91.684975
10.0,5.0,8.0,4.0,19,411.0,87.769066
10.0,5.0,8.0,5.0,19,414.0,64.62622
10.0,5.0,8.0,6.0,19,417.0,116.236626
10.0,5.0,8.0,7.0,19,420.0,108.8704
10.0,5.0,8.0,8.0,19,424.0,105.7074
10.0,5.0,8.0,9.0,19,427.0,95.667755
10.0,5.0,8.0,10.0,19,430.0,129.98059
10.0,5.0,8.0,11.0,19,433.0,143.52191
10.0,5.0,8.0,12.0,19,436.0,143.7464
10.0,5.0,8.0,13.0,19,440.0,111.69278
10.0,5.0,8.0,14.0,19,443.0,133.68906
10.0,5.0,8.0,15.0,19,446.0,106.331726
10.0,5.0,8.0,16.0,19,449.0,89.99507
10.0,5.0,8.0,17.0,19,452.0,70.12367
10.0,5.0,8.0,18.0,19,455.0,78.07718
10.0,5.0,8.0,19.0,19,458.0,112.74083
10.0,5.0,8.0,20.0,19,461.0,161.39871
10.0,5.0,8.0,21.0,19,464.0,121.72072
10.0,5.0,8.0,22.0,19,467.0,175.87143
10.0,5.0,8.0,23.0,19,470.0,138.0418
10.0,5.0,8.0,24.0,19,473.0,217.284
10.0,5.0,8.0,25.0,19,476.0,176.21906
10.0,5.0,8.0,26.0,19,479.0,200.54752
10.0,5.0,8.0,27.0,19,482.0,175.88657
10.0,5.0,8.0,28.0,19,486.0,163.72787
10.0,5.0,8.0,29.0,19,488.0,127.22514
10.0,5.0,8.0,30.0,19,492.0,130.88132
10.0,5.0,8.0,31.0,19,494.0,148.84157
10.0,5.0,8.0,32.0,19,497.0,273.89877
10.0,5.0,8.0,33.0,19,501.0,328.09235
10.0,5.0,8.0,34.0,19,503.0,337.1526
10.0,5.0,8.0,35.0,19,507.0,291.88672
10.0,5.0,8.0,36.0,19,509.0,294.3483
10.0,5.0,8.0,37.0,19,512.0,314.2884
10.0,5.0,8.0,38.0,19,515.0,274.54178
10.0,5.0,8.0,39.0,19,518.0,283.22284
10.0,5.0,8.0,40.0,19,520.0,230.27112
10.0,5.0,8.0,41.0,19,523.0,278.38266
10.0,5.0,8.0,42.0,19,526.0,252.14603
10.0,5.0,8.0,43.0,19,529.0,294.59366
10.0,5.0,8.0,44.0,19,532.0,319.08517
10.0,5.0,8.0,45.0,19,535.0,303.8888
10.0,5.0,8.0,46.0,19,538.0,382.17435
10.0,5.0,8.0,47.0,19,540.0,465.0174
10.0,5.0,8.0,48.0,19,543.0,489.18784
10.0,5.0,8.0,49.0,19,546.0,387.76443
10.0,5.0,8.0,50.0,19,549.0,234.42734
10.0,5.0,8.0,51.0,19,552.0,265.16757
10.0,5.0,8.0,52.0,19,555.0,164.14838
10.0,5.0,8.0,53.0,19,556.0,146.22612
10.0,5.0,8.0,54.0,19,560.0,104.37126
10.0,5.0,8.0,55.0,19,563.0,178.8132
10.0,5.0,8.0,56.0,19,565.0,95.23174
10.0,5.0,8.0,57.0,19,567.0,127.953156
10.0,5.0,8.0,58.0,19,570.0,114.00624
10.0,5.0,8.0,59.0,19,572.0,126.241974
10.0,5.0,9.0,0.0,19,575.0,98.09305
10.0,5.0,9.0,1.0,19,578.0,95.1291
10.0,5.0,9.0,2.0,19,581.0,25.093742
10.0,5.0,9.0,3.0,19,583.0,30.939295
10.0,5.0,9.0,4.0,19,585.0,70.66066
10.0,5.0,9.0,5.0,19,588.0,52.97236
10.0,5.0,9.0,6.0,19,590.0,70.34529
10.0,5.0,9.0,7.0,19,592.0,57.946762
10.0,5.0,9.0,8.0,19,596.0,114.81685
10.0,5.0,9.0,9.0,19,598.0,77.43062
10.0,5.0,9.0,10.0,19,600.0,38.10452
10.0,5.0,9.0,11.0,19,603.0,54.201065
10.0,5.0,9.0,12.0,19,604.0,27.546112
10.0,5.0,9.0,13.0,19,608.0,25.093742
10.0,5.0,9.0,14.0,19,610.0,29.646664
10.0,5.0,9.0,15.0,19,613.0,39.851524
10.0,5.0,9.0,16.0,19,615.0,50.372658
10.0,5.0,9.0,17.0,19,617.0,27.047672
10.0,5.0,9.0,18.0,19,620.0,25.093742
10.0,5.0,9.0,19.0,19,622.0,34.193336
10.0,5.0,9.0,20.0,19,623.0,73.610886
10.0,5.0,9.0,21.0,19,627.0,52.619335
10.0,5.0,9.0,22.0,19,629.0,85.411865
10.0,5.0,9.0,23.0,19,631.0,115.78028
10.0,5.0,9.0,24.0,19,633.0,64.29666
10.0,5.0,9.0,25.0,19,635.0,79.91806
10.0,5.0,9.0,26.0,19,635.0,62.711452
10.0,5.0,9.0,27.0,19,639.0,48.98062
10.0,5.0,9.0,28.0,19,641.0,65.357346
10.0,5.0,9.0,29.0,19,643.0,82.10344
10.0,5.0,9.0,30.0,19,646.0,83.8848
10.0,5.0,9.0,31.0,19,649.0,74.38455
10.0,5.0,9.0,32.0,19,650.0,84.377106
10.0,5.0,9.0,33.0,19,652.0,110.20609
10.0,5.0,9.0,34.0,19,654.0,93.87648
10.0,5.0,9.0,35.0,19,655.0,127.63468
10.0,5.0,9.0,36.0,19,657.0,153.36905
10.0,5.0,9.0,37.0,19,659.0,129.9595
10.0,5.0,9.0,38.0,19,662.0,115.850525
10.0,5.0,9.0,39.0,19,664.0,123.75477
10.0,5.0,9.0,40.0,19,666.0,135.6994
10.0,5.0,9.0,41.0,19,667.0,143.43005
10.0,5.0,9.0,42.0,19,669.0,169.13907
10.0,5.0,9.0,43.0,19,671.0,162.71576
10.0,5.0,9.0,44.0,19,675.0,155.27628
10.0,5.0,9.0,45.0,19,677.0,184.24045
10.0,5.0,9.0,46.0,19,680.0,153.83456
10.0,5.0,9.0,47.0,19,682.0,142.1415
10.0,5.0,9.0,48.0,19,685.0,141.27966
10.0,5.0,9.0,49.0,19,685.0,121.022285
10.0,5.0,9.0,50.0,19,687.0,112.08104
10.0,5.0,9.0,51.0,19,688.0,106.57916
10.0,5.0,9.0,52.0,19,690.0,106.038055
10.0,5.0,9.0,53.0,19,692.0,122.475266
10.0,5.0,9.0,54.0,19,694.0,140.76216
10.0,5.0,9.0,55.0,19,697.0,99.64663
10.0,5.0,9.0,56.0,19,700.0,160.36761
10.0,5.0,9.0,57.0,19,701.0,186.41003
10.0,5.0,9.0,58.0,19,703.0,190.65329
10.0,5.0,9.0,59.0,19,703.0,158.50858
10.0,5.0,10.0,0.0,19,704.0,160.81796
10.0,5.0,10.0,1.0,19,705.0,159.53635
10.0,5.0,10.0,2.0,19,707.0,140.01526
10.0,5.0,10.0,3.0,19,707.0,136.33566
10.0,5.0,10.0,4.0,19,709.0,121.18712
10.0,5.0,10.0,5.0,19,711.0,149.20876
10.0,5.0,10.0,6.0,19,714.0,122.39453
10.0,5.0,10.0,7.0,19,716.0,106.086494
10.0,5.0,10.0,8.0,19,717.0,78.00334
10.0,5.0,10.0,9.0,19,719.0,81.93373
10.0,5.0,10.0,10.0,19,720.0,86.96613
10.0,5.0,10.0,11.0,19,721.0,107.579895
10.0,5.0,10.0,12.0,19,724.0,90.863014
10.0,5.0,10.0,13.0,19,725.0,83.66116
10.0,5.0,10.0,14.0,19,727.0,77.6195
10.0,5.0,10.0,15.0,19,729.0,103.91929
10.0,5.0,10.0,16.0,19,730.0,100.15451
10.0,5.0,10.0,17.0,19,733.0,92.500916
10.0,5.0,10.0,18.0,19,733.0,132.54651
10.0,5.0,10.0,19.0,19,733.0,139.80154
10.0,5.0,10.0,20.0,19,735.0,164.1903
10.0,5.0,10.0,21.0,19,737.0,170.19803
10.0,5.0,10.0,22.0,19,738.0,191.44272
10.0,5.0,10.0,23.0,19,739.0,216.93591
10.0,5.0,10.0,24.0,19,741.0,226.84091
10.0,5.0,10.0,25.0,19,742.0,230.15213
10.0,5.0,10.0,26.0,19,744.0,221.94104
10.0,5.0,10.0,27.0,19,745.0,218.01926
10.0,5.0,10.0,28.0,19,747.0,176.8494
10.0,5.0,10.0,29.0,19,747.0,210.07413
10.0,5.0,10.0,30.0,19,751.0,207.58041
10.0,5.0,10.0,31.0,19,751.0,192.80725
10.0,5.0,10.0,32.0,19,752.0,98.30229
10.0,5.0,10.0,33.0,19,752.0,113.62215
10.0,5.0,10.0,34.0,19,753.0,141.85652
10.0,5.0,10.0,35.0,19,755.0,169.15833
10.0,5.0,10.0,36.0,19,756.0,173.74268
10.0,5.0,10.0,37.0,19,756.0,171.87286
10.0,5.0,10.0,38.0,19,759.0,151.29192
10.0,5.0,10.0,39.0,19,760.0,189.05283
10.0,5.0,10.0,40.0,19,760.0,185.14038
10.0,5.0,10.0,41.0,19,760.0,226.75769
10.0,5.0,10.0,42.0,19,763.0,208.28534
10.0,5.0,10.0,43.0,19,762.0,281.49866
10.0,5.0,10.0,44.0,19,764.0,320.22617
10.0,5.0,10.0,45.0,19,764.0,270.0178
10.0,5.0,10.0,46.0,19,764.0,285.1619
10.0,5.0,10.0,47.0,19,765.0,209.51483
10.0,5.0,10.0,48.0,19,766.0,142.82669
10.0,5.0,10.0,49.0,19,768.0,166.24124
10.0,5.0,10.0,50.0,19,770.0,40.062763
10.0,5.0,10.0,51.0,19,772.0,25.093742
10.0,5.0,10.0,52.0,19,773.0,25.093742
10.0,5.0,10.0,53.0,19,774.0,25.093742
10.0,5.0,10.0,54.0,19,774.0,25.093742
10.0,5.0,10.0,55.0,19,776.0,25.093742
10.0,5.0,10.0,56.0,19,775.0,52.774574
10.0,5.0,10.0,57.0,19,776.0,96.51366
10.0,5.0,10.0,58.0,19,778.0,106.18428
10.0,5.0,10.0,59.0,19,777.0,102.744774
10.0,5.0,11.0,0.0,19,776.0,76.66964
10.0,5.0,11.0,1.0,19,777.0,53.01658
10.0,5.0,11.0,2.0,19,779.0,36.615067
10.0,5.0,11.0,3.0,19,780.0,61.737858
10.0,5.0,11.0,4.0,19,781.0,78.60927
10.0,5.0,11.0,5.0,19,781.0,25.093742
10.0,5.0,11.0,6.0,19,783.0,25.093742
10.0,5.0,11.0,7.0,19,782.0,25.093742
10.0,5.0,11.0,8.0,19,784.0,25.093742
10.0,5.0,11.0,9.0,19,783.0,25.093742
10.0,5.0,11.0,10.0,19,783.0,25.093742
10.0,5.0,11.0,11.0,19,784.0,25.093742
10.0,5.0,11.0,12.0,19,785.0,25.093742
10.0,5.0,11.0,13.0,19,785.0,25.093742
10.0,5.0,11.0,14.0,19,787.0,25.093742
10.0,5.0,11.0,15.0,19,785.0,25.093742
10.0,5.0,11.0,16.0,19,786.0,25.093742
10.0,5.0,11.0,17.0,19,787.0,25.093742
10.0,5.0,11.0,18.0,19,786.0,25.093742
10.0,5.0,11.0,19.0,19,786.0,25.093742
10.0,5.0,11.0,20.0,19,787.0,25.093742
10.0,5.0,11.0,21.0,19,787.0,30.163298
10.0,5.0,11.0,22.0,19,789.0,45.86218
10.0,5.0,11.0,23.0,19,789.0,65.44313
10.0,5.0,11.0,24.0,19,789.0,68.00185
10.0,5.0,11.0,25.0,19,789.0,72.81564
10.0,5.0,11.0,26.0,19,790.0,28.579895
10.0,5.0,11.0,27.0,19,789.0,31.40185
10.0,5.0,11.0,28.0,19,790.0,25.093742
10.0,5.0,11.0,29.0,19,790.0,25.093742
10.0,5.0,11.0,30.0,19,790.0,25.093742
10.0,5.0,11.0,31.0,19,790.0,25.093742
10.0,5.0,11.0,32.0,19,792.0,25.093742
10.0,5.0,11.0,33.0,19,791.0,25.093742
10.0,5.0,11.0,34.0,19,792.0,33.177505
10.0,5.0,11.0,35.0,19,790.0,25.093742
10.0,5.0,11.0,36.0,19,790.0,33.5571
10.0,5.0,11.0,37.0,19,791.0,69.879456
10.0,5.0,11.0,38.0,19,791.0,35.704147
10.0,5.0,11.0,39.0,19,791.0,64.80838
10.0,5.0,11.0,40.0,19,792.0,42.568275
10.0,5.0,11.0,41.0,19,792.0,48.06716
10.0,5.0,11.0,42.0,19,791.0,43.468918
10.0,5.0,11.0,43.0,19,791.0,40.815212
10.0,5.0,11.0,44.0,19,790.0,25.093742
10.0,5.0,11.0,45.0,19,789.0,25.093742
10.0,5.0,11.0,46.0,19,789.0,25.093742
10.0,5.0,11.0,47.0,19,790.0,25.093742
10.0,5.0,11.0,48.0,19,792.0,25.093742
10.0,5.0,11.0,49.0,19,791.0,25.093742
10.0,5.0,11.0,50.0,19,791.0,25.093742
10.0,5.0,11.0,51.0,19,791.0,25.093742
10.0,5.0,11.0,52.0,19,792.0,25.093742
10.0,5.0,11.0,53.0,19,792.0,25.093742
10.0,5.0,11.0,54.0,19,782.0,25.093742
10.0,5.0,11.0,55.0,19,791.0,25.093742
10.0,5.0,11.0,56.0,19,789.0,25.093742
10.0,5.0,11.0,57.0,19,783.0,25.093742
10.0,5.0,11.0,58.0,19,788.0,25.093742
10.0,5.0,11.0,59.0,19,788.0,25.093742
10.0,5.0,12.0,0.0,19,790.0,25.093742
10.0,5.0,12.0,1.0,19,788.0,25.093742
10.0,5.0,12.0,2.0,19,787.0,25.093742
10.0,5.0,12.0,3.0,19,788.0,25.093742
10.0,5.0,12.0,4.0,19,787.0,25.093742
10.0,5.0,12.0,5.0,19,786.0,25.093742
10.0,5.0,12.0,6.0,19,784.0,25.093742
10.0,5.0,12.0,7.0,19,784.0,25.093742
10.0,5.0,12.0,8.0,19,783.0,25.093742
10.0,5.0,12.0,9.0,19,784.0,25.093742
10.0,5.0,12.0,10.0,19,783.0,25.093742
10.0,5.0,12.0,11.0,19,783.0,25.093742
10.0,5.0,12.0,12.0,19,781.0,25.093742
10.0,5.0,12.0,13.0,19,782.0,25.093742
10.0,5.0,12.0,14.0,19,781.0,25.093742
10.0,5.0,12.0,15.0,19,781.0,25.093742
10.0,5.0,12.0,16.0,19,779.0,25.093742
10.0,5.0,12.0,17.0,19,778.0,25.093742
10.0,5.0,12.0,18.0,19,778.0,25.093742
10.0,5.0,12.0,19.0,19,778.0,25.093742
10.0,5.0,12.0,20.0,19,776.0,27.768064
10.0,5.0,12.0,21.0,19,776.0,25.093742
10.0,5.0,12.0,22.0,19,773.0,25.093742
10.0,5.0,12.0,23.0,19,772.0,25.093742
10.0,5.0,12.0,24.0,19,776.0,25.093742
10.0,5.0,12.0,25.0,19,776.0,25.093742
10.0,5.0,12.0,26.0,19,774.0,25.093742
10.0,5.0,12.0,27.0,19,774.0,25.093742
10.0,5.0,12.0,28.0,19,774.0,25.093742
10.0,5.0,12.0,29.0,19,775.0,49.895584
10.0,5.0,12.0,30.0,19,774.0,59.77737
10.0,5.0,12.0,31.0,19,772.0,65.52368
10.0,5.0,12.0,32.0,19,773.0,62.611507
10.0,5.0,12.0,33.0,19,772.0,25.093742
10.0,5.0,12.0,34.0,19,771.0,25.093742
10.0,5.0,12.0,35.0,19,770.0,25.093742
10.0,5.0,12.0,36.0,19,770.0,25.093742
10.0,5.0,12.0,37.0,19,771.0,25.093742
10.0,5.0,12.0,38.0,19,771.0,25.093742
10.0,5.0,12.0,39.0,19,770.0,25.093742
10.0,5.0,12.0,40.0,19,770.0,25.093742
10.0,5.0,12.0,41.0,19,768.0,25.093742
10.0,5.0,12.0,42.0,19,769.0,25.093742
10.0,5.0,12.0,43.0,19,768.0,25.093742
10.0,5.0,12.0,44.0,19,767.0,25.093742
10.0,5.0,12.0,45.0,19,763.0,25.093742
10.0,5.0,12.0,46.0,19,765.0,25.093742
10.0,5.0,12.0,47.0,19,763.0,25.093742
10.0,5.0,12.0,48.0,19,761.0,25.093742
10.0,5.0,12.0,49.0,19,759.0,90.36108
10.0,5.0,12.0,50.0,19,749.0,54.54796
10.0,5.0,12.0,51.0,19,743.0,166.32129
10.0,5.0,12.0,52.0,19,723.0,207.77374
10.0,5.0,12.0,53.0,19,731.0,165.59119
10.0,5.0,12.0,54.0,19,729.0,160.31049
10.0,5.0,12.0,55.0,19,712.0,255.3884
10.0,5.0,12.0,56.0,19,738.0,279.93033
10.0,5.0,12.0,57.0,19,736.0,309.81393
10.0,5.0,12.0,58.0,19,734.0,347.67227
10.0,5.0,12.0,59.0,19,734.0,300.3791
10.0,5.0,13.0,0.0,19,740.0,285.90933
10.0,5.0,13.0,1.0,19,738.0,208.38187
10.0,5.0,13.0,2.0,19,736.0,323.02756
10.0,5.0,13.0,3.0,19,732.0,289.79868
10.0,5.0,13.0,4.0,19,724.0,263.65775
10.0,5.0,13.0,5.0,19,719.0,260.77036
10.0,5.0,13.0,6.0,19,723.0,225.81726
10.0,5.0,13.0,7.0,19,716.0,273.83676
10.0,5.0,13.0,8.0,19,710.0,312.0626
10.0,5.0,13.0,9.0,19,711.0,423.5351
10.0,5.0,13.0,10.0,19,709.0,398.65646
10.0,5.0,13.0,11.0,19,708.0,350.95923
10.0,5.0,13.0,12.0,19,705.0,221.48877
10.0,5.0,13.0,13.0,19,696.0,192.55783
10.0,5.0,13.0,14.0,19,696.0,165.30243
10.0,5.0,13.0,15.0,19,705.0,236.02808
10.0,5.0,13.0,16.0,19,701.0,241.85458
10.0,5.0,13.0,17.0,19,694.0,208.59854
10.0,5.0,13.0,18.0,19,685.0,235.38718
10.0,5.0,13.0,19.0,19,676.0,215.64066
10.0,5.0,13.0,20.0,19,668.0,224.68622
10.0,5.0,13.0,21.0,19,667.0,158.14694
10.0,5.0,13.0,22.0,19,678.0,191.48532
10.0,5.0,13.0,23.0,19,680.0,271.65305
10.0,5.0,13.0,24.0,19,672.0,142.24432
10.0,5.0,13.0,25.0,19,671.0,160.07675
10.0,5.0,13.0,26.0,19,673.0,145.66734
10.0,5.0,13.0,27.0,19,675.0,210.02109
10.0,5.0,13.0,28.0,19,678.0,161.01169
10.0,5.0,13.0,29.0,19,684.0,177.50656
10.0,5.0,13.0,30.0,19,662.0,173.44312
10.0,5.0,13.0,31.0,19,667.0,152.92499
10.0,5.0,13.0,32.0,19,660.0,159.2478
10.0,5.0,13.0,33.0,19,644.0,190.54553
10.0,5.0,13.0,34.0,19,617.0,208.23184
10.0,5.0,13.0,35.0,19,599.0,220.65366
10.0,5.0,13.0,36.0,19,578.0,199.4321
10.0,5.0,13.0,37.0,19,563.0,198.17606
10.0,5.0,13.0,38.0,19,542.0,197.5021
10.0,5.0,13.0,39.0,19,531.0,184.82
10.0,5.0,13.0,40.0,19,531.0,158.65906
10.0,5.0,13.0,41.0,19,535.0,166.92569
10.0,5.0,13.0,42.0,19,552.0,168.41452
10.0,5.0,13.0,43.0,19,562.0,182.1911
10.0,5.0,13.0,44.0,19,577.0,139.49782
10.0,5.0,13.0,45.0,19,594.0,192.30777
10.0,5.0,13.0,46.0,19,603.0,207.20087
10.0,5.0,13.0,47.0,19,612.0,250.31464
10.0,5.0,13.0,48.0,19,621.0,187.48611
10.0,5.0,13.0,49.0,19,627.0,159.41135
10.0,5.0,13.0,50.0,19,629.0,121.06936
10.0,5.0,13.0,51.0,19,630.0,94.40264
10.0,5.0,13.0,52.0,19,629.0,84.53169
10.0,5.0,13.0,53.0,19,635.0,89.8368
10.0,5.0,13.0,54.0,19,638.0,123.11407
10.0,5.0,13.0,55.0,19,636.0,95.09662
10.0,5.0,13.0,56.0,19,636.0,94.6673
10.0,5.0,13.0,57.0,19,636.0,53.22155
10.0,5.0,13.0,58.0,19,633.0,81.979416
10.0,5.0,13.0,59.0,19,632.0,83.63078
10.0,5.0,14.0,0.0,19,623.0,143.71173
10.0,5.0,14.0,1.0,19,622.0,121.306114
10.0,5.0,14.0,2.0,19,623.0,159.66605
10.0,5.0,14.0,3.0,19,622.0,157.07895
10.0,5.0,14.0,4.0,19,617.0,149.76971
10.0,5.0,14.0,5.0,19,581.0,195.41516
10.0,5.0,14.0,6.0,19,586.0,146.74304
10.0,5.0,14.0,7.0,19,578.0,151.60727
10.0,5.0,14.0,8.0,19,579.0,165.42044
10.0,5.0,14.0,9.0,19,584.0,108.95961
10.0,5.0,14.0,10.0,19,587.0,123.217514
10.0,5.0,14.0,11.0,19,583.0,149.90413
10.0,5.0,14.0,12.0,19,570.0,159.72476
10.0,5.0,14.0,13.0,19,550.0,138.74448
10.0,5.0,14.0,14.0,19,548.0,180.45862
10.0,5.0,14.0,15.0,19,513.0,189.76257
10.0,5.0,14.0,16.0,19,495.0,129.4624
10.0,5.0,14.0,17.0,19,504.0,136.9667
10.0,5.0,14.0,18.0,19,517.0,112.15389
10.0,5.0,14.0,19.0,19,496.0,83.121605
10.0,5.0,14.0,20.0,19,484.0,118.95297
10.0,5.0,14.0,21.0,19,478.0,102.70978
10.0,5.0,14.0,22.0,19,466.0,106.31138
10.0,5.0,14.0,23.0,19,470.0,109.77186
10.0,5.0,14.0,24.0,19,480.0,75.74365
10.0,5.0,14.0,25.0,19,489.0,93.68376
10.0,5.0,14.0,26.0,19,482.0,66.99486
10.0,5.0,14.0,27.0,19,482.0,74.90681
10.0,5.0,14.0,28.0,19,479.0,87.90013
10.0,5.0,14.0,29.0,19,469.0,45.012924
10.0,5.0,14.0,30.0,19,429.0,74.72925
10.0,5.0,14.0,31.0,19,429.0,76.641785
10.0,5.0,14.0,32.0,19,424.0,69.675766
10.0,5.0,14.0,33.0,19,415.0,25.093742
10.0,5.0,14.0,34.0,19,405.0,81.23808
10.0,5.0,14.0,35.0,19,382.0,91.89856
10.0,5.0,14.0,36.0,19,361.0,88.75409
10.0,5.0,14.0,37.0,19,337.0,53.872894
10.0,5.0,14.0,38.0,19,348.0,105.56097
10.0,5.0,14.0,39.0,19,365.0,125.32528
10.0,5.0,14.0,40.0,19,377.0,87.807335
10.0,5.0,14.0,41.0,19,397.0,83.82792
10.0,5.0,14.0,42.0,19,391.0,113.42857
10.0,5.0,14.0,43.0,19,406.0,120.906364
10.0,5.0,14.0,44.0,19,399.0,107.046844
10.0,5.0,14.0,45.0,19,391.0,39.03227
10.0,5.0,14.0,46.0,19,391.0,80.60071
10.0,5.0,14.0,47.0,19,386.0,51.451294
10.0,5.0,14.0,48.0,19,377.0,117.02952
10.0,5.0,14.0,49.0,19,358.0,106.453964
10.0,5.0,14.0,50.0,19,373.0,97.58749
10.0,5.0,14.0,51.0,19,380.0,188.90042
10.0,5.0,14.0,52.0,19,389.0,148.59885
10.0,5.0,14.0,53.0,19,396.0,140.79437
10.0,5.0,14.0,54.0,19,393.0,262.56708
10.0,5.0,14.0,55.0,19,402.0,216.42587
10.0,5.0,14.0,56.0,19,407.0,226.83826
10.0,5.0,14.0,57.0,19,389.0,188.38187
10.0,5.0,14.0,58.0,19,293.0,228.51086
10.0,5.0,14.0,59.0,19,289.0,219.43591
10.0,5.0,15.0,0.0,19,271.0,233.8984
10.0,5.0,15.0,1.0,19,299.0,278.83615
10.0,5.0,15.0,2.0,19,363.0,243.74951
10.0,5.0,15.0,3.0,19,337.0,222.77942
10.0,5.0,15.0,4.0,19,332.0,177.28458
10.0,5.0,15.0,5.0,19,266.0,185.24103
10.0,5.0,15.0,6.0,19,272.0,205.8424
10.0,5.0,15.0,7.0,19,282.0,173.42715
10.0,5.0,15.0,8.0,19,339.0,162.31433
10.0,5.0,15.0,9.0,19,246.0,128.17215
10.0,5.0,15.0,10.0,19,297.0,106.60471
10.0,5.0,15.0,11.0,19,286.0,136.44843
10.0,5.0,15.0,12.0,19,252.0,115.19941
10.0,5.0,15.0,13.0,19,251.0,152.5209
10.0,5.0,15.0,14.0,19,311.0,148.58615
10.0,5.0,15.0,15.0,19,384.0,265.36722
10.0,5.0,15.0,16.0,19,415.0,305.7297
10.0,5.0,15.0,17.0,19,383.0,227.0174
10.0,5.0,15.0,18.0,19,395.0,198.84155
10.0,5.0,15.0,19.0,19,376.0,209.15482
10.0,5.0,15.0,20.0,19,364.0,196.57944
10.0,5.0,15.0,21.0,19,355.0,207.6576
10.0,5.0,15.0,22.0,19,335.0,240.45148
10.0,5.0,15.0,23.0,19,309.0,210.36072
10.0,5.0,15.0,24.0,19,249.0,237.07181
10.0,5.0,15.0,25.0,19,278.0,172.30972
10.0,5.0,15.0,26.0,19,253.0,204.26855
10.0,5.0,15.0,27.0,19,230.0,153.9332
10.0,5.0,15.0,28.0,19,209.0,195.16507
10.0,5.0,15.0,29.0,19,201.0,243.37592
10.0,5.0,15.0,30.0,19,190.0,228.85632
10.0,5.0,15.0,31.0,19,189.0,221.00375
10.0,5.0,15.0,32.0,19,204.0,213.92068
10.0,5.0,15.0,33.0,19,231.0,194.41663
10.0,5.0,15.0,34.0,19,269.0,132.5625
10.0,5.0,15.0,35.0,19,295.0,137.65945
10.0,5.0,15.0,36.0,19,333.0,89.41292
10.0,5.0,15.0,37.0,19,344.0,118.46532
10.0,5.0,15.0,38.0,19,354.0,124.55734
10.0,5.0,15.0,39.0,19,362.0,134.28027
10.0,5.0,15.0,40.0,19,330.0,183.40118
10.0,5.0,15.0,41.0,19,326.0,211.60934
10.0,5.0,15.0,42.0,19,288.0,199.8135
10.0,5.0,15.0,43.0,19,275.0,206.0419
10.0,5.0,15.0,44.0,19,254.0,163.63132
10.0,5.0,15.0,45.0,19,302.0,231.11035
10.0,5.0,15.0,46.0,19,299.0,171.75446
10.0,5.0,15.0,47.0,19,279.0,84.943146
10.0,5.0,15.0,48.0,19,295.0,93.94749
10.0,5.0,15.0,49.0,19,302.0,90.57783
10.0,5.0,15.0,50.0,19,306.0,135.67517
10.0,5.0,15.0,51.0,19,296.0,185.55719
10.0,5.0,15.0,52.0,19,292.0,180.16037
10.0,5.0,15.0,53.0,19,289.0,190.30154
10.0,5.0,15.0,54.0,19,291.0,179.41971
10.0,5.0,15.0,55.0,19,273.0,123.847916
10.0,5.0,15.0,56.0,19,274.0,90.85755
10.0,5.0,15.0,57.0,19,267.0,154.35336
10.0,5.0,15.0,58.0,19,259.0,121.00632
10.0,5.0,15.0,59.0,19,248.0,151.49121
10.0,5.0,16.0,0.0,19,217.0,109.62795
10.0,5.0,16.0,1.0,19,225.0,120.90167
10.0,5.0,16.0,2.0,19,208.0,163.24481
10.0,5.0,16.0,3.0,19,200.0,121.90771
10.0,5.0,16.0,4.0,19,219.0,89.74358
10.0,5.0,16.0,5.0,19,220.0,25.093742
10.0,5.0,16.0,6.0,19,206.0,37.75691
10.0,5.0,16.0,7.0,19,192.0,25.093742
10.0,5.0,16.0,8.0,19,202.0,115.498055
10.0,5.0,16.0,9.0,19,204.0,166.83618
10.0,5.0,16.0,10.0,19,175.0,95.39672
10.0,5.0,16.0,11.0,19,143.0,45.908417
10.0,5.0,16.0,12.0,19,129.0,25.093742
10.0,5.0,16.0,13.0,19,130.0,25.093742
10.0,5.0,16.0,14.0,19,129.0,25.093742
10.0,5.0,16.0,15.0,19,106.0,100.49945
10.0,5.0,16.0,16.0,19,94.0,101.11261
10.0,5.0,16.0,17.0,19,89.0,178.15164
10.0,5.0,16.0,18.0,19,85.0,204.76266
10.0,5.0,16.0,19.0,19,83.0,180.36441
10.0,5.0,16.0,20.0,19,84.0,177.92422
10.0,5.0,16.0,21.0,19,88.0,149.39156
10.0,5.0,16.0,22.0,19,88.0,174.28632
10.0,5.0,16.0,23.0,19,88.0,108.92098
10.0,5.0,16.0,24.0,19,92.0,109.26579
10.0,5.0,16.0,25.0,19,94.0,130.71103
10.0,5.0,16.0,26.0,19,91.0,104.45995
10.0,5.0,16.0,27.0,19,84.0,126.642746
10.0,5.0,16.0,28.0,19,77.0,160.27435
10.0,5.0,16.0,29.0,19,73.0,173.0127
10.0,5.0,16.0,30.0,19,71.0,159.60764
10.0,5.0,16.0,31.0,19,70.0,68.63626
10.0,5.0,16.0,32.0,19,71.0,25.093742
10.0,5.0,16.0,33.0,19,75.0,70.624306
10.0,5.0,16.0,34.0,19,70.0,74.2103
10.0,5.0,16.0,35.0,19,67.0,25.093742
10.0,5.0,16.0,36.0,19,65.0,25.093742
10.0,5.0,16.0,37.0,19,62.0,40.32227
10.0,5.0,16.0,38.0,19,60.0,25.093742
10.0,5.0,16.0,39.0,19,59.0,49.954796
10.0,5.0,16.0,40.0,19,58.0,100.282135
10.0,5.0,16.0,41.0,19,57.0,162.72552
10.0,5.0,16.0,42.0,19,56.0,46.817368
10.0,5.0,16.0,43.0,19,55.0,79.10129
10.0,5.0,16.0,44.0,19,54.0,40.067482
10.0,5.0,16.0,45.0,19,53.0,39.576023
10.0,5.0,16.0,46.0,19,52.0,62.515415
10.0,5.0,16.0,47.0,19,51.0,26.673218
10.0,5.0,16.0,48.0,19,51.0,25.093742
10.0,5.0,16.0,49.0,19,50.0,66.21174
10.0,5.0,16.0,50.0,19,49.0,53.70464
10.0,5.0,16.0,51.0,19,48.0,25.093742
10.0,5.0,16.0,52.0,19,46.0,25.093742
10.0,5.0,16.0,53.0,19,45.0,25.093742
10.0,5.0,16.0,54.0,19,44.0,73.24884
10.0,5.0,16.0,55.0,19,42.0,25.093742
10.0,5.0,16.0,56.0,19,40.0,25.093742
10.0,5.0,16.0,57.0,19,39.0,25.093742
10.0,5.0,16.0,58.0,19,37.0,25.093742
10.0,5.0,16.0,59.0,19,36.0,25.093742
10.0,6.0,7.0,0.0,19,191.0,94.804344
10.0,6.0,7.0,1.0,19,195.0,101.618515
10.0,6.0,7.0,2.0,19,171.0,87.0797
10.0,6.0,7.0,3.0,19,191.0,105.948975
10.0,6.0,7.0,4.0,19,205.0,143.823
10.0,6.0,7.0,5.0,19,208.0,150.9913
10.0,6.0,7.0,6.0,19,211.0,148.64679
10.0,6.0,7.0,7.0,19,215.0,186.71942
10.0,6.0,7.0,8.0,19,218.0,152.57806
10.0,6.0,7.0,9.0,19,221.0,137.8769
10.0,6.0,7.0,10.0,19,225.0,123.1516
10.0,6.0,7.0,11.0,19,228.0,114.46347
10.0,6.0,7.0,12.0,19,231.0,105.53794
10.0,6.0,7.0,13.0,19,235.0,105.61921
10.0,6.0,7.0,14.0,19,238.0,112.22407
10.0,6.0,7.0,15.0,19,242.0,124.66813
10.0,6.0,7.0,16.0,19,245.0,164.15173
10.0,6.0,7.0,17.0,19,249.0,135.36432
10.0,6.0,7.0,18.0,19,253.0,204.88177
10.0,6.0,7.0,19.0,19,256.0,195.32024
10.0,6.0,7.0,20.0,19,259.0,224.58426
10.0,6.0,7.0,21.0,19,262.0,187.9169
10.0,6.0,7.0,22.0,19,266.0,90.926994
10.0,6.0,7.0,23.0,19,270.0,107.89326
10.0,6.0,7.0,24.0,19,273.0,124.38973
10.0,6.0,7.0,25.0,19,276.0,100.16735
10.0,6.0,7.0,26.0,19,280.0,116.91678
10.0,6.0,7.0,27.0,19,283.0,128.16869
10.0,6.0,7.0,28.0,19,286.0,170.85635
10.0,6.0,7.0,29.0,19,290.0,149.04424
10.0,6.0,7.0,30.0,19,293.0,187.67802
10.0,6.0,7.0,31.0,19,296.0,160.45328
10.0,6.0,7.0,32.0,19,300.0,145.09055
10.0,6.0,7.0,33.0,19,303.0,82.83396
10.0,6.0,7.0,34.0,19,306.0,51.685135
10.0,6.0,7.0,35.0,19,310.0,54.688034
10.0,6.0,7.0,36.0,19,313.0,41.170425
10.0,6.0,7.0,37.0,19,316.0,93.904594
10.0,6.0,7.0,38.0,19,320.0,128.41519
10.0,6.0,7.0,39.0,19,323.0,120.10378
10.0,6.0,7.0,40.0,19,327.0,82.14125
10.0,6.0,7.0,41.0,19,330.0,76.73819
10.0,6.0,7.0,42.0,19,334.0,67.65639
10.0,6.0,7.0,43.0,19,337.0,86.23076
10.0,6.0,7.0,44.0,19,340.0,69.39555
10.0,6.0,7.0,45.0,19,344.0,46.258522
10.0,6.0,7.0,46.0,19,347.0,52.80104
10.0,6.0,7.0,47.0,19,351.0,52.8891
10.0,6.0,7.0,48.0,19,354.0,66.845474
10.0,6.0,7.0,49.0,19,358.0,73.91237
10.0,6.0,7.0,50.0,19,360.0,65.15957
10.0,6.0,7.0,51.0,19,363.0,56.934265
10.0,6.0,7.0,52.0,19,366.0,60.266106
10.0,6.0,7.0,53.0,19,370.0,58.59298
10.0,6.0,7.0,54.0,19,373.0,29.864412
10.0,6.0,7.0,55.0,19,377.0,52.107018
10.0,6.0,7.0,56.0,19,380.0,49.84012
10.0,6.0,7.0,57.0,19,384.0,54.306877
10.0,6.0,7.0,58.0,19,387.0,90.37941
10.0,6.0,7.0,59.0,19,391.0,71.32855
10.0,6.0,8.0,0.0,19,394.0,70.64102
10.0,6.0,8.0,1.0,19,397.0,66.147865
10.0,6.0,8.0,2.0,19,401.0,106.75566
10.0,6.0,8.0,3.0,19,403.0,101.224594
10.0,6.0,8.0,4.0,19,407.0,100.35443
10.0,6.0,8.0,5.0,19,410.0,78.44772
10.0,6.0,8.0,6.0,19,413.0,93.36945
10.0,6.0,8.0,7.0,19,417.0,82.24664
10.0,6.0,8.0,8.0,19,419.0,82.562965
10.0,6.0,8.0,9.0,19,423.0,76.729706
10.0,6.0,8.0,10.0,19,426.0,96.51758
10.0,6.0,8.0,11.0,19,429.0,89.51192
10.0,6.0,8.0,12.0,19,432.0,105.42828
10.0,6.0,8.0,13.0,19,435.0,116.36026
10.0,6.0,8.0,14.0,19,438.0,115.21147
10.0,6.0,8.0,15.0,19,441.0,131.20409
10.0,6.0,8.0,16.0,19,444.0,122.85561
10.0,6.0,8.0,17.0,19,447.0,128.77153
10.0,6.0,8.0,18.0,19,450.0,128.69193
10.0,6.0,8.0,19.0,19,453.0,143.40736
10.0,6.0,8.0,20.0,19,456.0,154.08362
10.0,6.0,8.0,21.0,19,459.0,146.76285
10.0,6.0,8.0,22.0,19,462.0,161.07285
10.0,6.0,8.0,23.0,19,466.0,153.76752
10.0,6.0,8.0,24.0,19,469.0,147.51413
10.0,6.0,8.0,25.0,19,472.0,148.8743
10.0,6.0,8.0,26.0,19,476.0,160.51616
10.0,6.0,8.0,27.0,19,479.0,161.32382
10.0,6.0,8.0,28.0,19,482.0,173.31798
10.0,6.0,8.0,29.0,19,485.0,157.15616
10.0,6.0,8.0,30.0,19,487.0,171.17871
10.0,6.0,8.0,31.0,19,490.0,169.76529
10.0,6.0,8.0,32.0,19,493.0,169.31094
10.0,6.0,8.0,33.0,19,496.0,192.94238
10.0,6.0,8.0,34.0,19,498.0,180.79343
10.0,6.0,8.0,35.0,19,501.0,144.39803
10.0,6.0,8.0,36.0,19,504.0,199.19577
10.0,6.0,8.0,37.0,19,507.0,201.1995
10.0,6.0,8.0,38.0,19,511.0,212.267
10.0,6.0,8.0,39.0,19,514.0,195.98027
10.0,6.0,8.0,40.0,19,517.0,202.83783
10.0,6.0,8.0,41.0,19,519.0,186.01254
10.0,6.0,8.0,42.0,19,522.0,181.45695
10.0,6.0,8.0,43.0,19,524.0,164.45363
10.0,6.0,8.0,44.0,19,527.0,214.87807
10.0,6.0,8.0,45.0,19,530.0,191.60388
10.0,6.0,8.0,46.0,19,532.0,223.92197
10.0,6.0,8.0,47.0,19,535.0,214.6775
10.0,6.0,8.0,48.0,19,539.0,224.98987
10.0,6.0,8.0,49.0,19,542.0,242.39447
10.0,6.0,8.0,50.0,19,544.0,208.05066
10.0,6.0,8.0,51.0,19,546.0,212.8536
10.0,6.0,8.0,52.0,19,549.0,210.72232
10.0,6.0,8.0,53.0,19,552.0,203.07379
10.0,6.0,8.0,54.0,19,554.0,136.5103
10.0,6.0,8.0,55.0,19,557.0,84.17384
10.0,6.0,8.0,56.0,19,560.0,10.107737
10.0,6.0,8.0,57.0,19,563.0,9.16058
10.0,6.0,8.0,58.0,19,566.0,-35.00023
10.0,6.0,8.0,59.0,19,568.0,-7.1538944
10.0,6.0,9.0,0.0,19,570.0,-21.11231
10.0,6.0,9.0,1.0,19,573.0,13.221458
10.0,6.0,9.0,2.0,19,576.0,16.056839
10.0,6.0,9.0,3.0,19,579.0,44.65989
10.0,6.0,9.0,4.0,19,581.0,46.487442
10.0,6.0,9.0,5.0,19,583.0,60.128845
10.0,6.0,9.0,6.0,19,587.0,53.271698
10.0,6.0,9.0,7.0,19,589.0,75.93052
10.0,6.0,9.0,8.0,19,591.0,57.18239
10.0,6.0,9.0,9.0,19,594.0,55.87113
10.0,6.0,9.0,10.0,19,596.0,21.097664
10.0,6.0,9.0,11.0,19,599.0,35.67156
10.0,6.0,9.0,12.0,19,602.0,7.106848
10.0,6.0,9.0,13.0,19,605.0,45.331856
10.0,6.0,9.0,14.0,19,607.0,25.507296
10.0,6.0,9.0,15.0,19,609.0,22.213385
10.0,6.0,9.0,16.0,19,612.0,59.326912
10.0,6.0,9.0,17.0,19,614.0,54.975845
10.0,6.0,9.0,18.0,19,617.0,48.267776
10.0,6.0,9.0,19.0,19,619.0,39.339447
10.0,6.0,9.0,20.0,19,621.0,88.12476
10.0,6.0,9.0,21.0,19,625.0,38.232903
10.0,6.0,9.0,22.0,19,626.0,65.34749
10.0,6.0,9.0,23.0,19,628.0,78.95133
10.0,6.0,9.0,24.0,19,631.0,66.35048
10.0,6.0,9.0,25.0,19,633.0,92.39835
10.0,6.0,9.0,26.0,19,635.0,126.0164
10.0,6.0,9.0,27.0,19,637.0,118.22954
10.0,6.0,9.0,28.0,19,640.0,120.86354
10.0,6.0,9.0,29.0,19,642.0,107.68133
10.0,6.0,9.0,30.0,19,643.0,121.67942
10.0,6.0,9.0,31.0,19,645.0,138.39198
10.0,6.0,9.0,32.0,19,648.0,118.288414
10.0,6.0,9.0,33.0,19,650.0,114.23965
10.0,6.0,9.0,34.0,19,652.0,112.44223
10.0,6.0,9.0,35.0,19,654.0,118.35548
10.0,6.0,9.0,36.0,19,656.0,112.015
10.0,6.0,9.0,37.0,19,658.0,105.42952
10.0,6.0,9.0,38.0,19,660.0,115.51379
10.0,6.0,9.0,39.0,19,661.0,107.800446
10.0,6.0,9.0,40.0,19,664.0,122.497856
10.0,6.0,9.0,41.0,19,666.0,112.780365
10.0,6.0,9.0,42.0,19,667.0,89.143776
10.0,6.0,9.0,43.0,19,669.0,112.45501
10.0,6.0,9.0,44.0,19,670.0,111.53439
10.0,6.0,9.0,45.0,19,673.0,114.04263
10.0,6.0,9.0,46.0,19,674.0,121.01113
10.0,6.0,9.0,47.0,19,675.0,101.33038
10.0,6.0,9.0,48.0,19,679.0,104.93948
10.0,6.0,9.0,49.0,19,680.0,94.68901
10.0,6.0,9.0,50.0,19,683.0,102.20064
10.0,6.0,9.0,51.0,19,685.0,112.576996
10.0,6.0,9.0,52.0,19,687.0,127.95939
10.0,6.0,9.0,53.0,19,688.0,140.80399
10.0,6.0,9.0,54.0,19,689.0,131.0759
10.0,6.0,9.0,55.0,19,693.0,153.36612
10.0,6.0,9.0,56.0,19,693.0,146.70638
10.0,6.0,9.0,57.0,19,696.0,153.62312
10.0,6.0,9.0,58.0,19,697.0,141.30779
10.0,6.0,9.0,59.0,19,699.0,136.34894
10.0,6.0,10.0,0.0,19,699.0,127.87135
10.0,6.0,10.0,1.0,19,702.0,134.27162
10.0,6.0,10.0,2.0,19,703.0,136.38393
10.0,6.0,10.0,3.0,19,706.0,142.42162
10.0,6.0,10.0,4.0,19,708.0,139.06328
10.0,6.0,10.0,5.0,19,710.0,159.85669
10.0,6.0,10.0,6.0,19,712.0,165.25888
10.0,6.0,10.0,7.0,19,712.0,174.94435
10.0,6.0,10.0,8.0,19,714.0,172.7843
10.0,6.0,10.0,9.0,19,714.0,162.27231
10.0,6.0,10.0,10.0,19,717.0,174.77979
10.0,6.0,10.0,11.0,19,718.0,171.02837
10.0,6.0,10.0,12.0,19,719.0,169.5055
10.0,6.0,10.0,13.0,19,720.0,182.34601
10.0,6.0,10.0,14.0,19,723.0,182.82788
10.0,6.0,10.0,15.0,19,725.0,181.38931
10.0,6.0,10.0,16.0,19,726.0,171.4083
10.0,6.0,10.0,17.0,19,727.0,171.1666
10.0,6.0,10.0,18.0,19,728.0,165.65619
10.0,6.0,10.0,19.0,19,729.0,173.91885
10.0,6.0,10.0,20.0,19,729.0,164.45602
10.0,6.0,10.0,21.0,19,730.0,177.09645
10.0,6.0,10.0,22.0,19,733.0,170.23479
10.0,6.0,10.0,23.0,19,735.0,177.31593
10.0,6.0,10.0,24.0,19,736.0,187.2403
10.0,6.0,10.0,25.0,19,736.0,178.98376
10.0,6.0,10.0,26.0,19,739.0,184.33766
10.0,6.0,10.0,27.0,19,739.0,182.85297
10.0,6.0,10.0,28.0,19,740.0,191.58307
10.0,6.0,10.0,29.0,19,742.0,197.34976
10.0,6.0,10.0,30.0,19,743.0,193.60571
10.0,6.0,10.0,31.0,19,746.0,206.00204
10.0,6.0,10.0,32.0,19,745.0,211.0888
10.0,6.0,10.0,33.0,19,745.0,215.75961
10.0,6.0,10.0,34.0,19,747.0,213.41699
10.0,6.0,10.0,35.0,19,748.0,223.12575
10.0,6.0,10.0,36.0,19,750.0,223.16232
10.0,6.0,10.0,37.0,19,751.0,231.38608
10.0,6.0,10.0,38.0,19,752.0,210.41223
10.0,6.0,10.0,39.0,19,754.0,205.84573
10.0,6.0,10.0,40.0,19,754.0,194.28494
10.0,6.0,10.0,41.0,19,754.0,191.83446
10.0,6.0,10.0,42.0,19,754.0,198.72272
10.0,6.0,10.0,43.0,19,756.0,200.34529
10.0,6.0,10.0,44.0,19,757.0,221.21298
10.0,6.0,10.0,45.0,19,757.0,213.98973
10.0,6.0,10.0,46.0,19,758.0,222.81311
10.0,6.0,10.0,47.0,19,760.0,251.17697
10.0,6.0,10.0,48.0,19,760.0,231.57759
10.0,6.0,10.0,49.0,19,760.0,244.04439
10.0,6.0,10.0,50.0,19,761.0,260.59137
10.0,6.0,10.0,51.0,19,762.0,255.50157
10.0,6.0,10.0,52.0,19,763.0,281.05582
10.0,6.0,10.0,53.0,19,765.0,304.2167
10.0,6.0,10.0,54.0,19,767.0,334.4868
10.0,6.0,10.0,55.0,19,766.0,329.0683
10.0,6.0,10.0,56.0,19,768.0,309.19064
10.0,6.0,10.0,57.0,19,768.0,335.73447
10.0,6.0,10.0,58.0,19,768.0,311.64734
10.0,6.0,10.0,59.0,19,769.0,311.41714
10.0,6.0,11.0,0.0,19,771.0,299.6669
10.0,6.0,11.0,1.0,19,771.0,313.80536
10.0,6.0,11.0,2.0,19,772.0,334.416
10.0,6.0,11.0,3.0,19,771.0,317.79984
10.0,6.0,11.0,4.0,19,771.0,329.4523
10.0,6.0,11.0,5.0,19,772.0,321.7977
10.0,6.0,11.0,6.0,19,772.0,254.10425
10.0,6.0,11.0,7.0,19,774.0,74.413315
10.0,6.0,11.0,8.0,19,773.0,54.20157
10.0,6.0,11.0,9.0,19,773.0,66.183174
10.0,6.0,11.0,10.0,19,773.0,26.194017
10.0,6.0,11.0,11.0,19,774.0,-10.826147
10.0,6.0,11.0,12.0,19,773.0,-2.949171
10.0,6.0,11.0,13.0,19,774.0,-11.276243
10.0,6.0,11.0,14.0,19,774.0,-19.550535
10.0,6.0,11.0,15.0,19,777.0,3.9395237
10.0,6.0,11.0,16.0,19,776.0,-0.26571465
10.0,6.0,11.0,17.0,19,779.0,7.310938
10.0,6.0,11.0,18.0,19,779.0,-7.7194653
10.0,6.0,11.0,19.0,19,778.0,-9.560436
10.0,6.0,11.0,20.0,19,777.0,-23.20088
10.0,6.0,11.0,21.0,19,778.0,-27.195425
10.0,6.0,11.0,22.0,19,775.0,-9.020435
10.0,6.0,11.0,23.0,19,772.0,-32.64675
10.0,6.0,11.0,24.0,19,772.0,-19.55562
10.0,6.0,11.0,25.0,19,773.0,-8.396364
10.0,6.0,11.0,26.0,19,773.0,5.6306715
10.0,6.0,11.0,27.0,19,773.0,17.242167
10.0,6.0,11.0,28.0,19,773.0,18.08097
10.0,6.0,11.0,29.0,19,773.0,12.5930195
10.0,6.0,11.0,30.0,19,773.0,32.569107
10.0,6.0,11.0,31.0,19,774.0,32.226456
10.0,6.0,11.0,32.0,19,775.0,11.3295765
10.0,6.0,11.0,33.0,19,775.0,30.15212
10.0,6.0,11.0,34.0,19,777.0,14.865984
10.0,6.0,11.0,35.0,19,776.0,16.405714
10.0,6.0,11.0,36.0,19,775.0,18.689642
10.0,6.0,11.0,37.0,19,776.0,29.369886
10.0,6.0,11.0,38.0,19,775.0,29.74011
10.0,6.0,11.0,39.0,19,773.0,17.987066
10.0,6.0,11.0,40.0,19,771.0,13.999286
10.0,6.0,11.0,41.0,19,771.0,9.380623
10.0,6.0,11.0,42.0,19,773.0,7.7492714
10.0,6.0,11.0,43.0,19,773.0,0.30011368
10.0,6.0,11.0,44.0,19,773.0,8.793755
10.0,6.0,11.0,45.0,19,773.0,19.19536
10.0,6.0,11.0,46.0,19,772.0,14.589975
10.0,6.0,11.0,47.0,19,774.0,-20.178217
10.0,6.0,11.0,48.0,19,774.0,-1.7212276
10.0,6.0,11.0,49.0,19,774.0,14.397303
10.0,6.0,11.0,50.0,19,774.0,16.045954
10.0,6.0,11.0,51.0,19,774.0,26.859858
10.0,6.0,11.0,52.0,19,774.0,43.16005
10.0,6.0,11.0,53.0,19,771.0,35.42624
10.0,6.0,11.0,54.0,19,771.0,32.49224
10.0,6.0,11.0,55.0,19,772.0,40.99453
10.0,6.0,11.0,56.0,19,770.0,26.936296
10.0,6.0,11.0,57.0,19,770.0,36.843853
10.0,6.0,11.0,58.0,19,771.0,26.789957
10.0,6.0,11.0,59.0,19,770.0,49.090164
10.0,6.0,12.0,0.0,19,771.0,24.711237
10.0,6.0,12.0,1.0,19,770.0,10.129053
10.0,6.0,12.0,2.0,19,769.0,15.817
10.0,6.0,12.0,3.0,19,770.0,22.436401
10.0,6.0,12.0,4.0,19,770.0,31.206865
10.0,6.0,12.0,5.0,19,767.0,20.040045
10.0,6.0,12.0,6.0,19,767.0,25.128569
10.0,6.0,12.0,7.0,19,766.0,28.10336
10.0,6.0,12.0,8.0,19,765.0,-6.427637
10.0,6.0,12.0,9.0,19,764.0,4.143471
10.0,6.0,12.0,10.0,19,762.0,0.018661499
10.0,6.0,12.0,11.0,19,760.0,4.7855005
10.0,6.0,12.0,12.0,19,761.0,5.650895
10.0,6.0,12.0,13.0,19,765.0,1.5147305
10.0,6.0,12.0,14.0,19,760.0,5.703973
10.0,6.0,12.0,15.0,19,759.0,-0.22989082
10.0,6.0,12.0,16.0,19,757.0,12.339926
10.0,6.0,12.0,17.0,19,755.0,18.216215
10.0,6.0,12.0,18.0,19,750.0,18.346476
10.0,6.0,12.0,19.0,19,752.0,19.226894
10.0,6.0,12.0,20.0,19,753.0,21.347971
10.0,6.0,12.0,21.0,19,752.0,21.744078
10.0,6.0,12.0,22.0,19,752.0,2.710287
10.0,6.0,12.0,23.0,19,748.0,1.2937832
10.0,6.0,12.0,24.0,19,748.0,-1.3031368
10.0,6.0,12.0,25.0,19,746.0,2.430729
10.0,6.0,12.0,26.0,19,748.0,26.204834
10.0,6.0,12.0,27.0,19,748.0,10.147867
10.0,6.0,12.0,28.0,19,749.0,5.1954746
10.0,6.0,12.0,29.0,19,748.0,-5.8301983
10.0,6.0,12.0,30.0,19,745.0,-6.995653
10.0,6.0,12.0,31.0,19,745.0,-14.633806
10.0,6.0,12.0,32.0,19,743.0,-12.498512
10.0,6.0,12.0,33.0,19,742.0,-20.059698
10.0,6.0,12.0,34.0,19,741.0,-40.017235
10.0,6.0,12.0,35.0,19,742.0,-71.78049
10.0,6.0,12.0,36.0,19,738.0,-54.332443
10.0,6.0,12.0,37.0,19,737.0,-55.12493
10.0,6.0,12.0,38.0,19,736.0,-47.35389
10.0,6.0,12.0,39.0,19,736.0,-21.384626
10.0,6.0,12.0,40.0,19,736.0,4.4279804
10.0,6.0,12.0,41.0,19,736.0,22.425638
10.0,6.0,12.0,42.0,19,738.0,3.618494
10.0,6.0,12.0,43.0,19,733.0,18.445765
10.0,6.0,12.0,44.0,19,731.0,24.523455
10.0,6.0,12.0,45.0,19,727.0,26.358824
10.0,6.0,12.0,46.0,19,729.0,56.18663
10.0,6.0,12.0,47.0,19,730.0,0.98958015
10.0,6.0,12.0,48.0,19,727.0,45.517914
10.0,6.0,12.0,49.0,19,724.0,54.27986
10.0,6.0,12.0,50.0,19,723.0,-0.24326897
10.0,6.0,12.0,51.0,19,721.0,35.058624
10.0,6.0,12.0,52.0,19,720.0,-71.3972
10.0,6.0,12.0,53.0,19,718.0,10.428362
10.0,6.0,12.0,54.0,19,712.0,56.722023
10.0,6.0,12.0,55.0,19,718.0,-21.59587
10.0,6.0,12.0,56.0,19,723.0,11.21916
10.0,6.0,12.0,57.0,19,719.0,6.5976505
10.0,6.0,12.0,58.0,19,715.0,95.40017
10.0,6.0,12.0,59.0,19,713.0,179.25421
10.0,6.0,13.0,0.0,19,709.0,183.17262
10.0,6.0,13.0,1.0,19,706.0,205.92905
10.0,6.0,13.0,2.0,19,706.0,239.21198
10.0,6.0,13.0,3.0,19,707.0,223.50891
10.0,6.0,13.0,4.0,19,703.0,224.54135
10.0,6.0,13.0,5.0,19,704.0,222.32552
10.0,6.0,13.0,6.0,19,702.0,196.82884
10.0,6.0,13.0,7.0,19,700.0,206.76025
10.0,6.0,13.0,8.0,19,699.0,192.07784
10.0,6.0,13.0,9.0,19,697.0,196.6242
10.0,6.0,13.0,10.0,19,696.0,200.68755
10.0,6.0,13.0,11.0,19,696.0,194.24847
10.0,6.0,13.0,12.0,19,695.0,204.12033
10.0,6.0,13.0,13.0,19,694.0,195.2707
10.0,6.0,13.0,14.0,19,691.0,194.67926
10.0,6.0,13.0,15.0,19,689.0,215.25653
10.0,6.0,13.0,16.0,19,685.0,208.8407
10.0,6.0,13.0,17.0,19,683.0,221.58754
10.0,6.0,13.0,18.0,19,680.0,221.71167
10.0,6.0,13.0,19.0,19,679.0,218.38544
10.0,6.0,13.0,20.0,19,677.0,236.07347
10.0,6.0,13.0,21.0,19,675.0,228.5156
10.0,6.0,13.0,22.0,19,673.0,224.71378
10.0,6.0,13.0,23.0,19,674.0,220.41608
10.0,6.0,13.0,24.0,19,671.0,228.17645
10.0,6.0,13.0,25.0,19,669.0,218.78561
10.0,6.0,13.0,26.0,19,666.0,205.4423
10.0,6.0,13.0,27.0,19,666.0,200.15758
10.0,6.0,13.0,28.0,19,665.0,188.38919
10.0,6.0,13.0,29.0,19,662.0,193.07532
10.0,6.0,13.0,30.0,19,660.0,183.86328
10.0,6.0,13.0,31.0,19,657.0,186.24745
10.0,6.0,13.0,32.0,19,655.0,191.62411
10.0,6.0,13.0,33.0,19,654.0,188.8168
10.0,6.0,13.0,34.0,19,656.0,192.77505
10.0,6.0,13.0,35.0,19,653.0,194.90218
10.0,6.0,13.0,36.0,19,649.0,200.47552
10.0,6.0,13.0,37.0,19,647.0,183.62842
10.0,6.0,13.0,38.0,19,644.0,185.27457
10.0,6.0,13.0,39.0,19,641.0,163.99875
10.0,6.0,13.0,40.0,19,639.0,166.47879
10.0,6.0,13.0,41.0,19,638.0,170.36569
10.0,6.0,13.0,42.0,19,635.0,172.20859
10.0,6.0,13.0,43.0,19,632.0,168.8917
10.0,6.0,13.0,44.0,19,631.0,171.17308
10.0,6.0,13.0,45.0,19,629.0,170.68591
10.0,6.0,13.0,46.0,19,627.0,144.85913
10.0,6.0,13.0,47.0,19,626.0,167.46394
10.0,6.0,13.0,48.0,19,624.0,153.24582
10.0,6.0,13.0,49.0,19,622.0,140.64932
10.0,6.0,13.0,50.0,19,621.0,152.65588
10.0,6.0,13.0,51.0,19,619.0,134.73802
10.0,6.0,13.0,52.0,19,616.0,119.77037
10.0,6.0,13.0,53.0,19,614.0,110.93321
10.0,6.0,13.0,54.0,19,611.0,81.07703
10.0,6.0,13.0,55.0,19,609.0,50.913208
10.0,6.0,13.0,56.0,19,608.0,77.323166
10.0,6.0,13.0,57.0,19,605.0,64.47069
10.0,6.0,13.0,58.0,19,603.0,43.01301
10.0,6.0,13.0,59.0,19,601.0,2.759325
10.0,6.0,14.0,0.0,19,597.0,40.510033
10.0,6.0,14.0,1.0,19,594.0,79.07526
10.0,6.0,14.0,2.0,19,592.0,125.70081
10.0,6.0,14.0,3.0,19,591.0,115.45777
10.0,6.0,14.0,4.0,19,589.0,117.851746
10.0,6.0,14.0,5.0,19,587.0,122.42968
10.0,6.0,14.0,6.0,19,584.0,112.77981
10.0,6.0,14.0,7.0,19,581.0,116.060196
10.0,6.0,14.0,8.0,19,578.0,115.38133
10.0,6.0,14.0,9.0,19,576.0,118.66197
10.0,6.0,14.0,10.0,19,574.0,130.87491
10.0,6.0,14.0,11.0,19,570.0,135.40388
10.0,6.0,14.0,12.0,19,567.0,152.43927
10.0,6.0,14.0,13.0,19,564.0,130.3725
10.0,6.0,14.0,14.0,19,562.0,114.02092
10.0,6.0,14.0,15.0,19,559.0,106.646355
10.0,6.0,14.0,16.0,19,555.0,122.03538
10.0,6.0,14.0,17.0,19,553.0,127.10948
10.0,6.0,14.0,18.0,19,550.0,110.16927
10.0,6.0,14.0,19.0,19,550.0,132.03188
10.0,6.0,14.0,20.0,19,546.0,116.673676
10.0,6.0,14.0,21.0,19,543.0,107.8401
10.0,6.0,14.0,22.0,19,541.0,96.7125
10.0,6.0,14.0,23.0,19,537.0,86.77817
10.0,6.0,14.0,24.0,19,534.0,86.09856
10.0,6.0,14.0,25.0,19,531.0,84.04857
10.0,6.0,14.0,26.0,19,529.0,64.846565
10.0,6.0,14.0,27.0,19,525.0,69.817604
10.0,6.0,14.0,28.0,19,523.0,39.163406
10.0,6.0,14.0,29.0,19,521.0,39.82833
10.0,6.0,14.0,30.0,19,519.0,22.732687
10.0,6.0,14.0,31.0,19,516.0,34.409958
10.0,6.0,14.0,32.0,19,511.0,4.676859
10.0,6.0,14.0,33.0,19,510.0,-4.6925716
10.0,6.0,14.0,34.0,19,508.0,-14.226568
10.0,6.0,14.0,35.0,19,505.0,0.29922676
10.0,6.0,14.0,36.0,19,502.0,-46.50238
10.0,6.0,14.0,37.0,19,500.0,0.5599537
10.0,6.0,14.0,38.0,19,496.0,51.844055
10.0,6.0,14.0,39.0,19,494.0,60.67608
10.0,6.0,14.0,40.0,19,492.0,61.77246
10.0,6.0,14.0,41.0,19,490.0,101.36795
10.0,6.0,14.0,42.0,19,487.0,103.159134
10.0,6.0,14.0,43.0,19,484.0,108.07677
10.0,6.0,14.0,44.0,19,483.0,89.71751
10.0,6.0,14.0,45.0,19,480.0,67.264885
10.0,6.0,14.0,46.0,19,476.0,80.10089
10.0,6.0,14.0,47.0,19,473.0,27.419199
10.0,6.0,14.0,48.0,19,471.0,24.499876
10.0,6.0,14.0,49.0,19,468.0,14.690111
10.0,6.0,14.0,50.0,19,465.0,47.26548
10.0,6.0,14.0,51.0,19,463.0,33.55526
10.0,6.0,14.0,52.0,19,461.0,84.75882
10.0,6.0,14.0,53.0,19,459.0,119.63091
10.0,6.0,14.0,54.0,19,457.0,106.03411
10.0,6.0,14.0,55.0,19,454.0,167.30296
10.0,6.0,14.0,56.0,19,453.0,156.89935
10.0,6.0,14.0,57.0,19,450.0,249.68117
10.0,6.0,14.0,58.0,19,448.0,254.36697
10.0,6.0,14.0,59.0,19,440.0,264.3432
10.0,6.0,15.0,0.0,19,431.0,197.10864
10.0,6.0,15.0,1.0,19,443.0,184.75497
10.0,6.0,15.0,2.0,19,444.0,211.92221
10.0,6.0,15.0,3.0,19,443.0,205.35304
10.0,6.0,15.0,4.0,19,441.0,174.82147
10.0,6.0,15.0,5.0,19,420.0,196.33496
10.0,6.0,15.0,6.0,19,261.0,175.3531
10.0,6.0,15.0,7.0,19,415.0,193.49931
10.0,6.0,15.0,8.0,19,418.0,228.61694
10.0,6.0,15.0,9.0,19,405.0,236.25278
10.0,6.0,15.0,10.0,19,407.0,218.4923
10.0,6.0,15.0,11.0,19,409.0,212.13547
10.0,6.0,15.0,12.0,19,406.0,207.1244
10.0,6.0,15.0,13.0,19,404.0,202.57175
10.0,6.0,15.0,14.0,19,401.0,193.92169
10.0,6.0,15.0,15.0,19,396.0,249.75647
10.0,6.0,15.0,16.0,19,393.0,248.09369
10.0,6.0,15.0,17.0,19,390.0,172.5428
10.0,6.0,15.0,18.0,19,387.0,214.7745
10.0,6.0,15.0,19.0,19,384.0,205.43936
10.0,6.0,15.0,20.0,19,383.0,128.95265
10.0,6.0,15.0,21.0,19,380.0,121.20346
10.0,6.0,15.0,22.0,19,381.0,146.89493
10.0,6.0,15.0,23.0,19,379.0,115.68497
10.0,6.0,15.0,24.0,19,379.0,76.11642
10.0,6.0,15.0,25.0,19,379.0,126.481514
10.0,6.0,15.0,26.0,19,378.0,73.96232
10.0,6.0,15.0,27.0,19,378.0,91.162
10.0,6.0,15.0,28.0,19,376.0,154.78534
10.0,6.0,15.0,29.0,19,374.0,202.87582
10.0,6.0,15.0,30.0,19,372.0,132.99263
10.0,6.0,15.0,31.0,19,369.0,121.43938
10.0,6.0,15.0,32.0,19,364.0,160.68507
10.0,6.0,15.0,33.0,19,342.0,156.36714
10.0,6.0,15.0,34.0,19,351.0,145.50461
10.0,6.0,15.0,35.0,19,303.0,144.91727
10.0,6.0,15.0,36.0,19,204.0,172.11858
10.0,6.0,15.0,37.0,19,157.0,160.22537
10.0,6.0,15.0,38.0,19,198.0,171.3718
10.0,6.0,15.0,39.0,19,244.0,135.20078
10.0,6.0,15.0,40.0,19,261.0,143.62639
10.0,6.0,15.0,41.0,19,326.0,162.0395
10.0,6.0,15.0,42.0,19,339.0,180.11407
10.0,6.0,15.0,43.0,19,335.0,182.2443
10.0,6.0,15.0,44.0,19,261.0,84.54744
10.0,6.0,15.0,45.0,19,254.0,111.35841
10.0,6.0,15.0,46.0,19,322.0,118.1891
10.0,6.0,15.0,47.0,19,325.0,139.46426
10.0,6.0,15.0,48.0,19,320.0,110.8921
10.0,6.0,15.0,49.0,19,313.0,78.54054
10.0,6.0,15.0,50.0,19,306.0,71.29718
10.0,6.0,15.0,51.0,19,299.0,82.62287
10.0,6.0,15.0,52.0,19,292.0,79.50327
10.0,6.0,15.0,53.0,19,286.0,126.10628
10.0,6.0,15.0,54.0,19,278.0,56.00315
10.0,6.0,15.0,55.0,19,273.0,36.58683
10.0,6.0,15.0,56.0,19,267.0,116.64029
10.0,6.0,15.0,57.0,19,262.0,108.28169
10.0,6.0,15.0,58.0,19,258.0,73.126305
10.0,6.0,15.0,59.0,19,253.0,57.745155
10.0,6.0,16.0,0.0,19,249.0,111.54602
10.0,6.0,16.0,1.0,19,245.0,23.483004
10.0,6.0,16.0,2.0,19,240.0,96.26158
10.0,6.0,16.0,3.0,19,237.0,29.403025
10.0,6.0,16.0,4.0,19,233.0,78.13288
10.0,6.0,16.0,5.0,19,230.0,96.74296
10.0,6.0,16.0,6.0,19,226.0,62.268272
10.0,6.0,16.0,7.0,19,222.0,111.2894
10.0,6.0,16.0,8.0,19,218.0,127.62815
10.0,6.0,16.0,9.0,19,215.0,21.349354
10.0,6.0,16.0,10.0,19,210.0,58.5198
10.0,6.0,16.0,11.0,19,207.0,0.33974648
10.0,6.0,16.0,12.0,19,203.0,38.479588
10.0,6.0,16.0,13.0,19,200.0,60.817017
10.0,6.0,16.0,14.0,19,197.0,109.23837
10.0,6.0,16.0,15.0,19,193.0,161.86865
10.0,6.0,16.0,16.0,19,190.0,151.04631
10.0,6.0,16.0,17.0,19,187.0,201.7752
10.0,6.0,16.0,18.0,19,184.0,185.40921
10.0,6.0,16.0,19.0,19,180.0,143.99988
10.0,6.0,16.0,20.0,19,177.0,208.80255
10.0,6.0,16.0,21.0,19,174.0,162.5256
10.0,6.0,16.0,22.0,19,170.0,281.4913
10.0,6.0,16.0,23.0,19,167.0,243.35675
10.0,6.0,16.0,24.0,19,164.0,223.57228
10.0,6.0,16.0,25.0,19,160.0,199.18985
10.0,6.0,16.0,26.0,19,157.0,170.4845
10.0,6.0,16.0,27.0,19,154.0,200.19867
10.0,6.0,16.0,28.0,19,151.0,205.57936
10.0,6.0,16.0,29.0,19,148.0,195.87541
10.0,6.0,16.0,30.0,19,145.0,168.29228
10.0,6.0,16.0,31.0,19,142.0,193.62302
10.0,6.0,16.0,32.0,19,133.0,180.53404
10.0,6.0,16.0,33.0,19,136.0,197.04625
10.0,6.0,16.0,34.0,19,132.0,187.51938
10.0,6.0,16.0,35.0,19,130.0,202.62085
10.0,6.0,16.0,36.0,19,126.0,180.17186
10.0,6.0,16.0,37.0,19,122.0,150.9924
10.0,6.0,16.0,38.0,19,119.0,169.78809
10.0,6.0,16.0,39.0,19,116.0,184.32384
10.0,6.0,16.0,40.0,19,113.0,199.5411
10.0,6.0,16.0,41.0,19,111.0,181.90152
10.0,6.0,16.0,42.0,19,108.0,154.33524
10.0,6.0,16.0,43.0,19,105.0,134.7959
10.0,6.0,16.0,44.0,19,102.0,133.58641
10.0,6.0,16.0,45.0,19,98.0,139.1173
10.0,6.0,16.0,46.0,19,96.0,151.26247
10.0,6.0,16.0,47.0,19,87.0,144.05943
10.0,6.0,16.0,48.0,19,90.0,136.14421
10.0,6.0,16.0,49.0,19,87.0,132.76773
10.0,6.0,16.0,50.0,19,84.0,129.13799
10.0,6.0,16.0,51.0,19,81.0,125.94282
10.0,6.0,16.0,52.0,19,78.0,117.87877
10.0,6.0,16.0,53.0,19,75.0,114.98814
10.0,6.0,16.0,54.0,19,72.0,107.507866
10.0,6.0,16.0,55.0,19,70.0,111.26353
10.0,6.0,16.0,56.0,19,67.0,109.473465
10.0,6.0,16.0,57.0,19,64.0,104.85771
10.0,6.0,16.0,58.0,19,61.0,99.75897
10.0,6.0,16.0,59.0,19,59.0,100.04704
10.0,8.0,7.0,0.0,19,62.0,6.773477
10.0,8.0,7.0,1.0,19,67.0,62.595726
10.0,8.0,7.0,2.0,19,70.0,114.358955
10.0,8.0,7.0,3.0,19,72.0,170.60654
10.0,8.0,7.0,4.0,19,72.0,-84.359085
10.0,8.0,7.0,5.0,19,74.0,81.56466
10.0,8.0,7.0,6.0,19,77.0,-90.32703
10.0,8.0,7.0,7.0,19,80.0,148.54584
10.0,8.0,7.0,8.0,19,83.0,128.57173
10.0,8.0,7.0,9.0,19,87.0,-74.66547
10.0,8.0,7.0,10.0,19,94.0,119.59086
10.0,8.0,7.0,11.0,19,97.0,112.598145
10.0,8.0,7.0,12.0,19,91.0,306.3997
10.0,8.0,7.0,13.0,19,87.0,6.773477
10.0,8.0,7.0,14.0,19,90.0,75.81985
10.0,8.0,7.0,15.0,19,100.0,-0.05251932
10.0,8.0,7.0,16.0,19,108.0,6.773477
10.0,8.0,7.0,17.0,19,112.0,5.092653
10.0,8.0,7.0,18.0,19,113.0,132.16403
10.0,8.0,7.0,19.0,19,113.0,173.53593
10.0,8.0,7.0,20.0,19,111.0,6.773477
10.0,8.0,7.0,21.0,19,115.0,15.523701
10.0,8.0,7.0,22.0,19,123.0,150.36656
10.0,8.0,7.0,23.0,19,130.0,93.01522
10.0,8.0,7.0,24.0,19,131.0,201.89066
10.0,8.0,7.0,25.0,19,131.0,26.015572
10.0,8.0,7.0,26.0,19,127.0,145.16383
10.0,8.0,7.0,27.0,19,125.0,6.773477
10.0,8.0,7.0,28.0,19,125.0,182.9109
10.0,8.0,7.0,29.0,19,128.0,6.773477
10.0,8.0,7.0,30.0,19,137.0,128.51625
10.0,8.0,7.0,31.0,19,143.0,-106.94266
10.0,8.0,7.0,32.0,19,140.0,-62.83745
10.0,8.0,7.0,33.0,19,136.0,228.93085
10.0,8.0,7.0,34.0,19,135.0,184.64406
10.0,8.0,7.0,35.0,19,135.0,125.10561
10.0,8.0,7.0,36.0,19,137.0,33.40421
10.0,8.0,7.0,37.0,19,139.0,193.32286
10.0,8.0,7.0,38.0,19,142.0,195.00862
10.0,8.0,7.0,39.0,19,142.0,128.16698
10.0,8.0,7.0,40.0,19,143.0,235.95062
10.0,8.0,7.0,41.0,19,144.0,111.59496
10.0,8.0,7.0,42.0,19,150.0,27.616014
10.0,8.0,7.0,43.0,19,157.0,128.89206
10.0,8.0,7.0,44.0,19,160.0,158.3987
10.0,8.0,7.0,45.0,19,159.0,144.74405
10.0,8.0,7.0,46.0,19,160.0,208.0862
10.0,8.0,7.0,47.0,19,166.0,60.12794
10.0,8.0,7.0,48.0,19,168.0,6.773477
10.0,8.0,7.0,49.0,19,166.0,49.295845
10.0,8.0,7.0,50.0,19,169.0,153.2968
10.0,8.0,7.0,51.0,19,176.0,292.0901
10.0,8.0,7.0,52.0,19,179.0,136.56609
10.0,8.0,7.0,53.0,19,176.0,185.76035
10.0,8.0,7.0,54.0,19,168.0,-18.537
10.0,8.0,7.0,55.0,19,163.0,202.46965
10.0,8.0,7.0,56.0,19,162.0,195.05316
10.0,8.0,7.0,57.0,19,166.0,53.975773
10.0,8.0,7.0,58.0,19,174.0,84.89036
10.0,8.0,7.0,59.0,19,179.0,89.475655
10.0,8.0,8.0,0.0,19,173.0,117.03874
10.0,8.0,8.0,1.0,19,168.0,76.66106
10.0,8.0,8.0,2.0,19,164.0,281.48807
10.0,8.0,8.0,3.0,19,163.0,-7.7271104
10.0,8.0,8.0,4.0,19,166.0,-149.6682
10.0,8.0,8.0,5.0,19,176.0,-105.841255
10.0,8.0,8.0,6.0,19,191.0,184.03008
10.0,8.0,8.0,7.0,19,204.0,131.29085
10.0,8.0,8.0,8.0,19,211.0,94.77974
10.0,8.0,8.0,9.0,19,215.0,145.86896
10.0,8.0,8.0,10.0,19,232.0,-113.183174
10.0,8.0,8.0,11.0,19,249.0,126.15803
10.0,8.0,8.0,12.0,19,258.0,101.01789
10.0,8.0,8.0,13.0,19,260.0,72.89548
10.0,8.0,8.0,14.0,19,248.0,108.03084
10.0,8.0,8.0,15.0,19,240.0,173.69717
10.0,8.0,8.0,16.0,19,226.0,134.02719
10.0,8.0,8.0,17.0,19,217.0,183.55528
10.0,8.0,8.0,18.0,19,218.0,152.10774
10.0,8.0,8.0,19.0,19,226.0,15.8739605
10.0,8.0,8.0,20.0,19,229.0,89.21682
10.0,8.0,8.0,21.0,19,221.0,111.44596
10.0,8.0,8.0,22.0,19,212.0,105.73182
10.0,8.0,8.0,23.0,19,208.0,157.4868
10.0,8.0,8.0,24.0,19,200.0,-82.88955
10.0,8.0,8.0,25.0,19,203.0,131.01656
10.0,8.0,8.0,26.0,19,216.0,68.33843
10.0,8.0,8.0,27.0,19,237.0,75.922935
10.0,8.0,8.0,28.0,19,257.0,104.98462
10.0,8.0,8.0,29.0,19,268.0,273.36725
10.0,8.0,8.0,30.0,19,251.0,32.599377
10.0,8.0,8.0,31.0,19,235.0,119.00517
10.0,8.0,8.0,32.0,19,263.0,6.773477
10.0,8.0,8.0,33.0,19,211.0,6.773477
10.0,8.0,8.0,34.0,19,208.0,182.55046
10.0,8.0,8.0,35.0,19,215.0,-9.207632
10.0,8.0,8.0,36.0,19,225.0,77.95968
10.0,8.0,8.0,37.0,19,227.0,199.62369
10.0,8.0,8.0,38.0,19,229.0,122.819214
10.0,8.0,8.0,39.0,19,232.0,174.70901
10.0,8.0,8.0,40.0,19,247.0,93.685394
10.0,8.0,8.0,41.0,19,252.0,141.71489
10.0,8.0,8.0,42.0,19,266.0,151.697
10.0,8.0,8.0,43.0,19,252.0,81.51373
10.0,8.0,8.0,44.0,19,283.0,100.519936
10.0,8.0,8.0,45.0,19,336.0,135.41574
10.0,8.0,8.0,46.0,19,259.0,119.22169
10.0,8.0,8.0,47.0,19,276.0,195.01253
10.0,8.0,8.0,48.0,19,234.0,129.39185
10.0,8.0,8.0,49.0,19,260.0,242.30736
10.0,8.0,8.0,50.0,19,235.0,203.41914
10.0,8.0,8.0,51.0,19,244.0,200.87914
10.0,8.0,8.0,52.0,19,240.0,131.30159
10.0,8.0,8.0,53.0,19,305.0,115.09511
10.0,8.0,8.0,54.0,19,251.0,74.932785
10.0,8.0,8.0,55.0,19,255.0,99.71789
10.0,8.0,8.0,56.0,19,262.0,156.14061
10.0,8.0,8.0,57.0,19,261.0,85.76138
10.0,8.0,8.0,58.0,19,250.0,146.34723
10.0,8.0,8.0,59.0,19,249.0,178.58942
10.0,8.0,9.0,0.0,19,252.0,268.77283
10.0,8.0,9.0,1.0,19,264.0,142.78644
10.0,8.0,9.0,2.0,19,286.0,-7.805075
10.0,8.0,9.0,3.0,19,339.0,27.40037
10.0,8.0,9.0,4.0,19,399.0,-49.853096
10.0,8.0,9.0,5.0,19,632.0,64.05059
10.0,8.0,9.0,6.0,19,557.0,46.51142
10.0,8.0,9.0,7.0,19,704.0,69.5617
10.0,8.0,9.0,8.0,19,630.0,137.19987
10.0,8.0,9.0,9.0,19,720.0,174.77576
10.0,8.0,9.0,10.0,19,646.0,234.60631
10.0,8.0,9.0,11.0,19,723.0,6.773477
10.0,8.0,9.0,12.0,19,320.0,162.56575
10.0,8.0,9.0,13.0,19,247.0,233.5806
10.0,8.0,9.0,14.0,19,270.0,131.84071
10.0,8.0,9.0,15.0,19,457.0,-32.459965
10.0,8.0,9.0,16.0,19,309.0,45.80455
10.0,8.0,9.0,17.0,19,318.0,55.886154
10.0,8.0,9.0,18.0,19,606.0,113.24532
10.0,8.0,9.0,19.0,19,224.0,108.26438
10.0,8.0,9.0,20.0,19,187.0,162.97667
10.0,8.0,9.0,21.0,19,162.0,136.57811
10.0,8.0,9.0,22.0,19,175.0,77.71235
10.0,8.0,9.0,23.0,19,200.0,1.9337707
10.0,8.0,9.0,24.0,19,214.0,-17.429068
10.0,8.0,9.0,25.0,19,224.0,51.31153
10.0,8.0,9.0,26.0,19,233.0,123.114204
10.0,8.0,9.0,27.0,19,284.0,96.28055
10.0,8.0,9.0,28.0,19,521.0,132.3951
10.0,8.0,9.0,29.0,19,355.0,43.203606
10.0,8.0,9.0,30.0,19,823.0,99.68382
10.0,8.0,9.0,31.0,19,812.0,265.78326
10.0,8.0,9.0,32.0,19,804.0,21.828547
10.0,8.0,9.0,33.0,19,735.0,204.34636
10.0,8.0,9.0,34.0,19,781.0,148.02577
10.0,8.0,9.0,35.0,19,359.0,55.408787
10.0,8.0,9.0,36.0,19,366.0,122.543655
10.0,8.0,9.0,37.0,19,390.0,28.74545
10.0,8.0,9.0,38.0,19,868.0,92.38252
10.0,8.0,9.0,39.0,19,881.0,85.542206
10.0,8.0,9.0,40.0,19,571.0,158.37811
10.0,8.0,9.0,41.0,19,358.0,109.43804
10.0,8.0,9.0,42.0,19,364.0,198.22484
10.0,8.0,9.0,43.0,19,308.0,178.28784
10.0,8.0,9.0,44.0,19,287.0,67.48267
10.0,8.0,9.0,45.0,19,282.0,86.5184
10.0,8.0,9.0,46.0,19,292.0,144.77957
10.0,8.0,9.0,47.0,19,239.0,72.41093
10.0,8.0,9.0,48.0,19,225.0,177.06035
10.0,8.0,9.0,49.0,19,223.0,184.06892
10.0,8.0,9.0,50.0,19,235.0,84.4216
10.0,8.0,9.0,51.0,19,262.0,170.7013
10.0,8.0,9.0,52.0,19,282.0,137.4995
10.0,8.0,9.0,53.0,19,614.0,35.733833
10.0,8.0,9.0,54.0,19,405.0,107.22818
10.0,8.0,9.0,55.0,19,297.0,72.23905
10.0,8.0,9.0,56.0,19,237.0,6.773477
10.0,8.0,9.0,57.0,19,253.0,123.70643
10.0,8.0,9.0,58.0,19,282.0,258.31387
10.0,8.0,9.0,59.0,19,253.0,197.36766
10.0,8.0,10.0,0.0,19,587.0,254.83981
10.0,8.0,10.0,1.0,19,754.0,188.11205
10.0,8.0,10.0,2.0,19,740.0,11.271065
10.0,8.0,10.0,3.0,19,730.0,112.415276
10.0,8.0,10.0,4.0,19,721.0,250.35254
10.0,8.0,10.0,5.0,19,722.0,104.241196
10.0,8.0,10.0,6.0,19,720.0,6.773477
10.0,8.0,10.0,7.0,19,720.0,95.120056
10.0,8.0,10.0,8.0,19,722.0,189.36325
10.0,8.0,10.0,9.0,19,741.0,179.6381
10.0,8.0,10.0,10.0,19,741.0,160.14207
10.0,8.0,10.0,11.0,19,742.0,105.26843
10.0,8.0,10.0,12.0,19,449.0,155.8338
10.0,8.0,10.0,13.0,19,691.0,210.76657
10.0,8.0,10.0,14.0,19,740.0,92.95635
10.0,8.0,10.0,15.0,19,735.0,22.82842
10.0,8.0,10.0,16.0,19,736.0,119.39118
10.0,8.0,10.0,17.0,19,357.0,137.18924
10.0,8.0,10.0,18.0,19,753.0,6.773477
10.0,8.0,10.0,19.0,19,789.0,176.97197
10.0,8.0,10.0,20.0,19,780.0,109.51522
10.0,8.0,10.0,21.0,19,781.0,47.879665
10.0,8.0,10.0,22.0,19,806.0,102.55885
10.0,8.0,10.0,23.0,19,497.0,80.556335
10.0,8.0,10.0,24.0,19,886.0,101.96811
10.0,8.0,10.0,25.0,19,858.0,135.72261
10.0,8.0,10.0,26.0,19,868.0,71.72063
10.0,8.0,10.0,27.0,19,876.0,173.53775
10.0,8.0,10.0,28.0,19,901.0,124.865944
10.0,8.0,10.0,29.0,19,818.0,64.91029
10.0,8.0,10.0,30.0,19,908.0,64.245255
10.0,8.0,10.0,31.0,19,500.0,203.57368
10.0,8.0,10.0,32.0,19,740.0,74.88001
10.0,8.0,10.0,33.0,19,401.0,85.4593
10.0,8.0,10.0,34.0,19,778.0,137.88422
10.0,8.0,10.0,35.0,19,855.0,69.59963
10.0,8.0,10.0,36.0,19,808.0,22.276073
10.0,8.0,10.0,37.0,19,801.0,279.92603
10.0,8.0,10.0,38.0,19,786.0,192.83675
10.0,8.0,10.0,39.0,19,775.0,53.120163
10.0,8.0,10.0,40.0,19,761.0,92.503654
10.0,8.0,10.0,41.0,19,751.0,124.49092
10.0,8.0,10.0,42.0,19,744.0,137.56718
10.0,8.0,10.0,43.0,19,739.0,133.20451
10.0,8.0,10.0,44.0,19,735.0,187.88445
10.0,8.0,10.0,45.0,19,731.0,54.392216
10.0,8.0,10.0,46.0,19,735.0,80.8937
10.0,8.0,10.0,47.0,19,736.0,34.58082
10.0,8.0,10.0,48.0,19,738.0,6.773477
10.0,8.0,10.0,49.0,19,737.0,171.99126
10.0,8.0,10.0,50.0,19,742.0,92.25665
10.0,8.0,10.0,51.0,19,744.0,196.45667
10.0,8.0,10.0,52.0,19,744.0,56.92616
10.0,8.0,10.0,53.0,19,746.0,161.3783
10.0,8.0,10.0,54.0,19,747.0,6.773477
10.0,8.0,10.0,55.0,19,746.0,210.74763
10.0,8.0,10.0,56.0,19,751.0,329.8469
10.0,8.0,10.0,57.0,19,749.0,195.21466
10.0,8.0,10.0,58.0,19,751.0,215.86165
10.0,8.0,10.0,59.0,19,758.0,56.815987
10.0,8.0,11.0,0.0,19,765.0,63.140537
10.0,8.0,11.0,1.0,19,774.0,159.1181
10.0,8.0,11.0,2.0,19,750.0,267.5366
10.0,8.0,11.0,3.0,19,779.0,488.2731
10.0,8.0,11.0,4.0,19,794.0,340.29062
10.0,8.0,11.0,5.0,19,812.0,285.37527
10.0,8.0,11.0,6.0,19,777.0,325.81903
10.0,8.0,11.0,7.0,19,796.0,123.95254
10.0,8.0,11.0,8.0,19,795.0,113.08315
10.0,8.0,11.0,9.0,19,798.0,358.59216
10.0,8.0,11.0,10.0,19,807.0,237.26797
10.0,8.0,11.0,11.0,19,811.0,373.90518
10.0,8.0,11.0,12.0,19,802.0,294.7014
10.0,8.0,11.0,13.0,19,625.0,183.40952
10.0,8.0,11.0,14.0,19,667.0,237.45805
10.0,8.0,11.0,15.0,19,824.0,165.8124
10.0,8.0,11.0,16.0,19,827.0,100.4154
10.0,8.0,11.0,17.0,19,821.0,107.23283
10.0,8.0,11.0,18.0,19,819.0,122.37775
10.0,8.0,11.0,19.0,19,820.0,175.79976
10.0,8.0,11.0,20.0,19,820.0,241.47145
10.0,8.0,11.0,21.0,19,833.0,233.20921
10.0,8.0,11.0,22.0,19,827.0,-10.314093
10.0,8.0,11.0,23.0,19,477.0,170.14067
10.0,8.0,11.0,24.0,19,427.0,118.39104
10.0,8.0,11.0,25.0,19,701.0,131.68855
10.0,8.0,11.0,26.0,19,803.0,145.85426
10.0,8.0,11.0,27.0,19,724.0,217.99602
10.0,8.0,11.0,28.0,19,835.0,170.91734
10.0,8.0,11.0,29.0,19,821.0,212.40428
10.0,8.0,11.0,30.0,19,769.0,101.62584
10.0,8.0,11.0,31.0,19,695.0,77.78202
10.0,8.0,11.0,32.0,19,803.0,99.09065
10.0,8.0,11.0,33.0,19,828.0,154.19984
10.0,8.0,11.0,34.0,19,326.0,37.904793
10.0,8.0,11.0,35.0,19,333.0,47.327408
10.0,8.0,11.0,36.0,19,306.0,57.34865
10.0,8.0,11.0,37.0,19,294.0,100.61947
10.0,8.0,11.0,38.0,19,281.0,117.43647
10.0,8.0,11.0,39.0,19,276.0,61.531055
10.0,8.0,11.0,40.0,19,291.0,124.206604
10.0,8.0,11.0,41.0,19,261.0,153.53967
10.0,8.0,11.0,42.0,19,262.0,191.44397
10.0,8.0,11.0,43.0,19,271.0,202.26628
10.0,8.0,11.0,44.0,19,278.0,190.50069
10.0,8.0,11.0,45.0,19,294.0,130.08504
10.0,8.0,11.0,46.0,19,341.0,175.7196
10.0,8.0,11.0,47.0,19,584.0,147.4051
10.0,8.0,11.0,48.0,19,787.0,113.38782
10.0,8.0,11.0,49.0,19,791.0,12.144037
10.0,8.0,11.0,50.0,19,781.0,-37.348274
10.0,8.0,11.0,51.0,19,773.0,-90.49905
10.0,8.0,11.0,52.0,19,772.0,98.03343
10.0,8.0,11.0,53.0,19,769.0,-16.00701
10.0,8.0,11.0,54.0,19,767.0,-31.74883
10.0,8.0,11.0,55.0,19,768.0,6.49917
10.0,8.0,11.0,56.0,19,765.0,-56.870247
10.0,8.0,11.0,57.0,19,760.0,93.26562
10.0,8.0,11.0,58.0,19,758.0,50.25242
10.0,8.0,11.0,59.0,19,758.0,38.92708
10.0,8.0,12.0,0.0,19,758.0,64.27289
10.0,8.0,12.0,1.0,19,757.0,89.74369
10.0,8.0,12.0,2.0,19,755.0,75.05028
10.0,8.0,12.0,3.0,19,755.0,-9.478178
10.0,8.0,12.0,4.0,19,758.0,-67.34323
10.0,8.0,12.0,5.0,19,758.0,-48.55036
10.0,8.0,12.0,6.0,19,758.0,275.3583
10.0,8.0,12.0,7.0,19,757.0,-66.49622
10.0,8.0,12.0,8.0,19,757.0,-124.81223
10.0,8.0,12.0,9.0,19,758.0,173.21626
10.0,8.0,12.0,10.0,19,757.0,294.54993
10.0,8.0,12.0,11.0,19,749.0,30.358126
10.0,8.0,12.0,12.0,19,740.0,77.70148
10.0,8.0,12.0,13.0,19,735.0,49.91952
10.0,8.0,12.0,14.0,19,732.0,195.42291
10.0,8.0,12.0,15.0,19,726.0,163.14326
10.0,8.0,12.0,16.0,19,739.0,203.31523
10.0,8.0,12.0,17.0,19,745.0,101.27918
10.0,8.0,12.0,18.0,19,752.0,161.91774
10.0,8.0,12.0,19.0,19,734.0,267.52963
10.0,8.0,12.0,20.0,19,744.0,94.17385
10.0,8.0,12.0,21.0,19,744.0,219.89882
10.0,8.0,12.0,22.0,19,741.0,425.26645
10.0,8.0,12.0,23.0,19,745.0,244.27576
10.0,8.0,12.0,24.0,19,742.0,257.94946
10.0,8.0,12.0,25.0,19,744.0,271.94244
10.0,8.0,12.0,26.0,19,741.0,188.37128
10.0,8.0,12.0,27.0,19,738.0,216.46704
10.0,8.0,12.0,28.0,19,734.0,296.4466
10.0,8.0,12.0,29.0,19,734.0,336.81323
10.0,8.0,12.0,30.0,19,734.0,157.50111
10.0,8.0,12.0,31.0,19,735.0,215.35594
10.0,8.0,12.0,32.0,19,736.0,317.63525
10.0,8.0,12.0,33.0,19,736.0,392.6498
10.0,8.0,12.0,34.0,19,736.0,208.70775
10.0,8.0,12.0,35.0,19,736.0,302.21048
10.0,8.0,12.0,36.0,19,735.0,315.85355
10.0,8.0,12.0,37.0,19,734.0,256.81497
10.0,8.0,12.0,38.0,19,732.0,244.21056
10.0,8.0,12.0,39.0,19,732.0,165.76202
10.0,8.0,12.0,40.0,19,735.0,276.51923
10.0,8.0,12.0,41.0,19,734.0,290.91592
10.0,8.0,12.0,42.0,19,736.0,366.2974
10.0,8.0,12.0,43.0,19,733.0,401.42917
10.0,8.0,12.0,44.0,19,729.0,409.0408
10.0,8.0,12.0,45.0,19,730.0,351.5786
10.0,8.0,12.0,46.0,19,729.0,332.11816
10.0,8.0,12.0,47.0,19,731.0,232.01256
10.0,8.0,12.0,48.0,19,737.0,313.9738
10.0,8.0,12.0,49.0,19,744.0,317.44815
10.0,8.0,12.0,50.0,19,750.0,222.47476
10.0,8.0,12.0,51.0,19,761.0,291.4131
10.0,8.0,12.0,52.0,19,781.0,250.17249
10.0,8.0,12.0,53.0,19,799.0,313.30066
10.0,8.0,12.0,54.0,19,817.0,259.53918
10.0,8.0,12.0,55.0,19,812.0,227.69826
10.0,8.0,12.0,56.0,19,815.0,237.21431
10.0,8.0,12.0,57.0,19,768.0,104.32926
10.0,8.0,12.0,58.0,19,806.0,123.156975
10.0,8.0,12.0,59.0,19,802.0,193.316
10.0,8.0,13.0,0.0,19,793.0,121.4008
10.0,8.0,13.0,1.0,19,782.0,67.55598
10.0,8.0,13.0,2.0,19,553.0,36.86306
10.0,8.0,13.0,3.0,19,711.0,110.34345
10.0,8.0,13.0,4.0,19,749.0,104.66856
10.0,8.0,13.0,5.0,19,752.0,122.648766
10.0,8.0,13.0,6.0,19,740.0,12.163378
10.0,8.0,13.0,7.0,19,742.0,125.66973
10.0,8.0,13.0,8.0,19,736.0,6.961075
10.0,8.0,13.0,9.0,19,728.0,127.09785
10.0,8.0,13.0,10.0,19,728.0,13.288595
10.0,8.0,13.0,11.0,19,733.0,27.259321
10.0,8.0,13.0,12.0,19,349.0,6.773477
10.0,8.0,13.0,13.0,19,390.0,74.21301
10.0,8.0,13.0,14.0,19,699.0,6.773477
10.0,8.0,13.0,15.0,19,253.0,115.457306
10.0,8.0,13.0,16.0,19,460.0,150.04309
10.0,8.0,13.0,17.0,19,660.0,93.7217
10.0,8.0,13.0,18.0,19,657.0,242.36731
10.0,8.0,13.0,19.0,19,670.0,47.078423
10.0,8.0,13.0,20.0,19,667.0,82.45404
10.0,8.0,13.0,21.0,19,671.0,233.65492
10.0,8.0,13.0,22.0,19,670.0,141.80106
10.0,8.0,13.0,23.0,19,669.0,134.38496
10.0,8.0,13.0,24.0,19,666.0,163.91179
10.0,8.0,13.0,25.0,19,661.0,13.7531395
10.0,8.0,13.0,26.0,19,658.0,55.93262
10.0,8.0,13.0,27.0,19,652.0,42.080315
10.0,8.0,13.0,28.0,19,653.0,135.99971
10.0,8.0,13.0,29.0,19,652.0,6.773477
10.0,8.0,13.0,30.0,19,646.0,90.56603
10.0,8.0,13.0,31.0,19,644.0,6.773477
10.0,8.0,13.0,32.0,19,642.0,101.91401
10.0,8.0,13.0,33.0,19,641.0,87.581024
10.0,8.0,13.0,34.0,19,635.0,74.10235
10.0,8.0,13.0,35.0,19,630.0,127.00615
10.0,8.0,13.0,36.0,19,618.0,143.11649
10.0,8.0,13.0,37.0,19,602.0,72.98281
10.0,8.0,13.0,38.0,19,567.0,169.72713
10.0,8.0,13.0,39.0,19,616.0,166.37747
10.0,8.0,13.0,40.0,19,611.0,46.690926
10.0,8.0,13.0,41.0,19,627.0,46.108868
10.0,8.0,13.0,42.0,19,629.0,129.18803
10.0,8.0,13.0,43.0,19,635.0,81.02397
10.0,8.0,13.0,44.0,19,636.0,64.01933
10.0,8.0,13.0,45.0,19,633.0,68.05517
10.0,8.0,13.0,46.0,19,626.0,69.02072
10.0,8.0,13.0,47.0,19,629.0,37.697147
10.0,8.0,13.0,48.0,19,627.0,71.519646
10.0,8.0,13.0,49.0,19,623.0,53.612835
10.0,8.0,13.0,50.0,19,622.0,51.257088
10.0,8.0,13.0,51.0,19,627.0,59.98889
10.0,8.0,13.0,52.0,19,631.0,64.63587
10.0,8.0,13.0,53.0,19,619.0,26.004774
10.0,8.0,13.0,54.0,19,618.0,34.672897
10.0,8.0,13.0,55.0,19,620.0,76.744736
10.0,8.0,13.0,56.0,19,615.0,14.06233
10.0,8.0,13.0,57.0,19,609.0,104.54915
10.0,8.0,13.0,58.0,19,606.0,121.74409
10.0,8.0,13.0,59.0,19,602.0,59.991627
10.0,8.0,14.0,0.0,19,611.0,62.986233
10.0,8.0,14.0,1.0,19,596.0,28.95027
10.0,8.0,14.0,2.0,19,576.0,134.82625
10.0,8.0,14.0,3.0,19,165.0,119.89313
10.0,8.0,14.0,4.0,19,150.0,60.41133
10.0,8.0,14.0,5.0,19,143.0,30.420574
10.0,8.0,14.0,6.0,19,153.0,35.91894
10.0,8.0,14.0,7.0,19,433.0,113.10973
10.0,8.0,14.0,8.0,19,572.0,60.51027
10.0,8.0,14.0,9.0,19,452.0,88.08516
10.0,8.0,14.0,10.0,19,582.0,185.52132
10.0,8.0,14.0,11.0,19,579.0,92.72266
10.0,8.0,14.0,12.0,19,573.0,145.70721
10.0,8.0,14.0,13.0,19,568.0,81.99094
10.0,8.0,14.0,14.0,19,536.0,165.79323
10.0,8.0,14.0,15.0,19,543.0,38.91187
10.0,8.0,14.0,16.0,19,204.0,107.16634
10.0,8.0,14.0,17.0,19,151.0,91.336525
10.0,8.0,14.0,18.0,19,155.0,191.75945
10.0,8.0,14.0,19.0,19,168.0,116.03408
10.0,8.0,14.0,20.0,19,480.0,39.166973
10.0,8.0,14.0,21.0,19,201.0,86.55602
10.0,8.0,14.0,22.0,19,567.0,93.71378
10.0,8.0,14.0,23.0,19,571.0,178.9789
10.0,8.0,14.0,24.0,19,553.0,103.51936
10.0,8.0,14.0,25.0,19,556.0,61.273987
10.0,8.0,14.0,26.0,19,556.0,8.503376
10.0,8.0,14.0,27.0,19,544.0,202.22679
10.0,8.0,14.0,28.0,19,545.0,53.31992
10.0,8.0,14.0,29.0,19,331.0,6.773477
10.0,8.0,14.0,30.0,19,173.0,-6.1786695
10.0,8.0,14.0,31.0,19,156.0,17.54235
10.0,8.0,14.0,32.0,19,153.0,81.65002
10.0,8.0,14.0,33.0,19,157.0,63.152206
10.0,8.0,14.0,34.0,19,171.0,82.82521
10.0,8.0,14.0,35.0,19,192.0,195.75464
10.0,8.0,14.0,36.0,19,346.0,179.16585
10.0,8.0,14.0,37.0,19,507.0,198.618
10.0,8.0,14.0,38.0,19,469.0,257.4709
10.0,8.0,14.0,39.0,19,222.0,233.03107
10.0,8.0,14.0,40.0,19,318.0,182.71689
10.0,8.0,14.0,41.0,19,464.0,200.226
10.0,8.0,14.0,42.0,19,492.0,52.162407
10.0,8.0,14.0,43.0,19,498.0,116.09089
10.0,8.0,14.0,44.0,19,495.0,164.24698
10.0,8.0,14.0,45.0,19,485.0,164.21379
10.0,8.0,14.0,46.0,19,474.0,197.84584
10.0,8.0,14.0,47.0,19,365.0,152.66763
10.0,8.0,14.0,48.0,19,261.0,213.31154
10.0,8.0,14.0,49.0,19,210.0,232.8351
10.0,8.0,14.0,50.0,19,468.0,162.17816
10.0,8.0,14.0,51.0,19,385.0,93.75744
10.0,8.0,14.0,52.0,19,373.0,92.56754
10.0,8.0,14.0,53.0,19,458.0,160.80736
10.0,8.0,14.0,54.0,19,442.0,159.7289
10.0,8.0,14.0,55.0,19,446.0,256.67453
10.0,8.0,14.0,56.0,19,449.0,180.65822
10.0,8.0,14.0,57.0,19,441.0,247.02507
10.0,8.0,14.0,58.0,19,428.0,211.47018
10.0,8.0,14.0,59.0,19,417.0,113.142746
10.0,8.0,15.0,0.0,19,377.0,126.662254
10.0,8.0,15.0,1.0,19,368.0,115.64456
10.0,8.0,15.0,2.0,19,387.0,128.27896
10.0,8.0,15.0,3.0,19,227.0,177.47531
10.0,8.0,15.0,4.0,19,319.0,239.52307
10.0,8.0,15.0,5.0,19,312.0,170.85504
10.0,8.0,15.0,6.0,19,412.0,348.29916
10.0,8.0,15.0,7.0,19,417.0,168.53374
10.0,8.0,15.0,8.0,19,410.0,146.93927
10.0,8.0,15.0,9.0,19,405.0,218.09593
10.0,8.0,15.0,10.0,19,402.0,184.79367
10.0,8.0,15.0,11.0,19,397.0,195.87791
10.0,8.0,15.0,12.0,19,395.0,275.72818
10.0,8.0,15.0,13.0,19,388.0,306.60678
10.0,8.0,15.0,14.0,19,377.0,255.90407
10.0,8.0,15.0,15.0,19,375.0,177.83514
10.0,8.0,15.0,16.0,19,372.0,158.53986
10.0,8.0,15.0,17.0,19,372.0,120.62185
10.0,8.0,15.0,18.0,19,374.0,197.16959
10.0,8.0,15.0,19.0,19,378.0,93.30342
10.0,8.0,15.0,20.0,19,380.0,190.32922
10.0,8.0,15.0,21.0,19,384.0,119.68297
10.0,8.0,15.0,22.0,19,386.0,64.442604
10.0,8.0,15.0,23.0,19,385.0,124.29302
10.0,8.0,15.0,24.0,19,382.0,280.5886
10.0,8.0,15.0,25.0,19,369.0,234.5542
10.0,8.0,15.0,26.0,19,357.0,150.01942
10.0,8.0,15.0,27.0,19,349.0,198.49796
10.0,8.0,15.0,28.0,19,338.0,89.96317
10.0,8.0,15.0,29.0,19,330.0,229.5417
10.0,8.0,15.0,30.0,19,325.0,155.23323
10.0,8.0,15.0,31.0,19,321.0,188.59825
10.0,8.0,15.0,32.0,19,316.0,225.5124
10.0,8.0,15.0,33.0,19,311.0,79.656944
10.0,8.0,15.0,34.0,19,306.0,72.71021
10.0,8.0,15.0,35.0,19,301.0,39.690376
10.0,8.0,15.0,36.0,19,296.0,168.99883
10.0,8.0,15.0,37.0,19,292.0,58.122757
10.0,8.0,15.0,38.0,19,290.0,16.379976
10.0,8.0,15.0,39.0,19,287.0,163.25868
10.0,8.0,15.0,40.0,19,284.0,69.40251
10.0,8.0,15.0,41.0,19,281.0,39.96074
10.0,8.0,15.0,42.0,19,278.0,70.76968
10.0,8.0,15.0,43.0,19,275.0,6.773477
10.0,8.0,15.0,44.0,19,272.0,11.011622
10.0,8.0,15.0,45.0,19,268.0,136.88705
10.0,8.0,15.0,46.0,19,265.0,101.66285
10.0,8.0,15.0,47.0,19,263.0,107.372795
10.0,8.0,15.0,48.0,19,259.0,170.34584
10.0,8.0,15.0,49.0,19,255.0,174.60297
10.0,8.0,15.0,50.0,19,252.0,78.11569
10.0,8.0,15.0,51.0,19,248.0,73.368805
10.0,8.0,15.0,52.0,19,245.0,78.28397
10.0,8.0,15.0,53.0,19,242.0,103.90085
10.0,8.0,15.0,54.0,19,239.0,91.2328
10.0,8.0,15.0,55.0,19,235.0,107.21847
10.0,8.0,15.0,56.0,19,234.0,84.471306
10.0,8.0,15.0,57.0,19,230.0,72.72831
10.0,8.0,15.0,58.0,19,227.0,60.597828
10.0,8.0,15.0,59.0,19,225.0,58.16732
10.0,8.0,16.0,0.0,19,220.0,58.295033
10.0,8.0,16.0,1.0,19,217.0,59.745426
10.0,8.0,16.0,2.0,19,214.0,61.072777
10.0,8.0,16.0,3.0,19,211.0,50.506332
10.0,8.0,16.0,4.0,19,207.0,50.56977
10.0,8.0,16.0,5.0,19,205.0,53.810455
10.0,8.0,16.0,6.0,19,201.0,61.431854
10.0,8.0,16.0,7.0,19,197.0,53.64102
10.0,8.0,16.0,8.0,19,194.0,73.674995
10.0,8.0,16.0,9.0,19,190.0,48.715816
10.0,8.0,16.0,10.0,19,187.0,40.559837
10.0,8.0,16.0,11.0,19,184.0,31.198368
10.0,8.0,16.0,12.0,19,181.0,39.21703
10.0,8.0,16.0,13.0,19,178.0,36.024014
10.0,8.0,16.0,14.0,19,175.0,49.083813
10.0,8.0,16.0,15.0,19,172.0,49.407322
10.0,8.0,16.0,16.0,19,165.0,77.38988
10.0,8.0,16.0,17.0,19,164.0,66.51288
10.0,8.0,16.0,18.0,19,162.0,92.44688
10.0,8.0,16.0,19.0,19,159.0,127.34669
10.0,8.0,16.0,20.0,19,156.0,154.41837
10.0,8.0,16.0,21.0,19,152.0,137.33968
10.0,8.0,16.0,22.0,19,149.0,135.6791
10.0,8.0,16.0,23.0,19,145.0,148.34497
10.0,8.0,16.0,24.0,19,141.0,139.75345
10.0,8.0,16.0,25.0,19,138.0,158.92058
10.0,8.0,16.0,26.0,19,135.0,153.90565
10.0,8.0,16.0,27.0,19,133.0,167.64642
10.0,8.0,16.0,28.0,19,130.0,171.5205
10.0,8.0,16.0,29.0,19,126.0,179.02678
10.0,8.0,16.0,30.0,19,123.0,196.44492
10.0,8.0,16.0,31.0,19,120.0,186.88982
10.0,8.0,16.0,32.0,19,117.0,174.59048
10.0,8.0,16.0,33.0,19,114.0,180.29198
10.0,8.0,16.0,34.0,19,110.0,181.5923
10.0,8.0,16.0,35.0,19,107.0,194.03255
10.0,8.0,16.0,36.0,19,104.0,158.01096
10.0,8.0,16.0,37.0,19,101.0,170.84718
10.0,8.0,16.0,38.0,19,98.0,178.76376
10.0,8.0,16.0,39.0,19,95.0,162.56003
10.0,8.0,16.0,40.0,19,92.0,153.34955
10.0,8.0,16.0,41.0,19,90.0,169.84209
10.0,8.0,16.0,42.0,19,87.0,163.9903
10.0,8.0,16.0,43.0,19,83.0,156.84897
10.0,8.0,16.0,44.0,19,80.0,151.22255
10.0,8.0,16.0,45.0,19,77.0,138.2026
10.0,8.0,16.0,46.0,19,74.0,132.49324
10.0,8.0,16.0,47.0,19,71.0,130.19391
10.0,8.0,16.0,48.0,19,68.0,129.48315
10.0,8.0,16.0,49.0,19,65.0,142.35768
10.0,8.0,16.0,50.0,19,62.0,137.30907
10.0,8.0,16.0,51.0,19,60.0,143.3473
10.0,8.0,16.0,52.0,19,57.0,133.9136
10.0,8.0,16.0,53.0,19,55.0,130.4462
10.0,8.0,16.0,54.0,19,52.0,159.7905
10.0,8.0,16.0,55.0,19,49.0,134.93703
10.0,8.0,16.0,56.0,19,47.0,125.89653
10.0,8.0,16.0,57.0,19,44.0,129.81517
10.0,8.0,16.0,58.0,19,41.0,129.98848
10.0,8.0,16.0,59.0,19,39.0,122.72978
